event_id	loci	Proximal_Site	TCGA-38-4627-01A-01R-1206-07	TCGA-49-4512-01A-21R-1858-07	TCGA-55-6983-01A-11R-1949-07	TCGA-55-6978-01A-11R-1949-07	TCGA-73-4676-01A-01R-1755-07	TCGA-91-6828-01A-11R-1858-07	TCGA-44-2655-01A-01R-0946-07	TCGA-44-2657-01A-01R-1107-07	TCGA-50-5933-01A-11R-1755-07	TCGA-55-6984-01A-11R-1949-07	TCGA-91-6829-01A-21R-1858-07	TCGA-44-2668-01A-01R-A278-07	TCGA-44-2668-01B-02R-A277-07	TCGA-44-2668-01A-01R-0946-07	TCGA-44-6777-01A-11R-1858-07	TCGA-91-6831-01A-11R-1858-07	TCGA-50-5932-01A-11R-1755-07	TCGA-49-6744-01A-11R-1858-07	TCGA-50-5931-01A-11R-1755-07	TCGA-44-2662-01B-02R-A277-07	TCGA-44-2662-01A-01R-A278-07	TCGA-44-2662-01A-01R-0946-07	TCGA-44-6778-01A-11R-1858-07	TCGA-38-4632-01A-01R-1755-07	TCGA-44-6146-01A-11R-1755-07	TCGA-44-6146-01A-11R-A278-07	TCGA-44-6146-01B-04R-A277-07	TCGA-44-3396-01A-01R-1206-07	TCGA-50-6595-01A-12R-1858-07	TCGA-55-6979-01A-11R-1949-07	TCGA-55-6975-01A-11R-1949-07	TCGA-44-2661-01A-01R-1107-07	TCGA-50-5935-01A-11R-1755-07	TCGA-55-6986-01A-11R-1949-07	TCGA-38-4625-01A-01R-1206-07	TCGA-49-6742-01A-11R-1858-07	TCGA-44-5645-01B-04R-A277-07	TCGA-44-5645-01A-01R-A278-07	TCGA-44-5645-01A-01R-1628-07	TCGA-44-6148-01A-11R-1755-07	TCGA-91-6849-01A-11R-1949-07	TCGA-49-6743-01A-11R-1858-07	TCGA-44-2665-01A-01R-0946-07	TCGA-44-2665-01B-06R-A277-07	TCGA-44-2665-01A-01R-A278-07	TCGA-50-5939-01A-11R-1628-07	TCGA-55-6969-01A-11R-1949-07	TCGA-55-6980-01A-11R-1949-07	TCGA-49-6745-01A-11R-1858-07	TCGA-49-6761-01A-31R-1949-07	TCGA-55-6981-01A-11R-1949-07	TCGA-44-6145-01A-11R-1755-07	TCGA-55-6971-01A-11R-1949-07	TCGA-44-6776-01A-11R-1858-07	TCGA-50-5930-01A-11R-1755-07	TCGA-91-6847-01A-11R-1949-07	TCGA-49-4490-01A-21R-1858-07	TCGA-44-6147-01A-11R-1755-07	TCGA-44-6147-01B-06R-A277-07	TCGA-44-6147-01A-11R-A278-07	TCGA-55-6985-01A-11R-1949-07	TCGA-55-6982-01A-11R-1949-07	TCGA-55-6968-01A-11R-1949-07	TCGA-91-6835-01A-11R-1858-07	TCGA-55-6970-01A-11R-1949-07	TCGA-55-6972-01A-11R-1949-07	TCGA-50-5936-01A-11R-1628-07	TCGA-91-6836-01A-21R-1858-07	TCGA-38-4626-01A-01R-1206-07
NM_206831|DPH3|chr3|-	chr3:16299454-16302336	16302074	0.45	0.35	0.42	0.28	0.26	0.35	0.51	0.50	0.33	0.46	0.47	0.33	NA	0.28	0.37	0.47	0.45	0.43	0.43	NA	0.41	0.34	0.47	0.19	0.61	0.65	NA	0.33	0.22	0.28	0.24	0.45	0.34	0.45	0.43	0.37	NA	0.58	0.59	0.71	0.38	0.26	0.49	NA	0.71	0.45	0.41	0.38	0.45	0.35	0.32	0.38	0.40	0.60	0.26	0.33	0.36	0.43	NA	0.47	0.39	0.32	0.39	0.27	0.46	0.41	0.37	0.13	0.46
NM_006246|PPP2R5E|chr14|-	chr14:63838021-63842826	63841603	0.40	0.42	0.44	0.33	0.28	0.37	0.49	NA	0.21	0.47	0.27	NA	0.29	0.23	0.31	0.39	0.41	0.40	0.44	0.37	NA	0.32	0.30	0.31	0.43	NA	0.42	0.31	0.29	0.29	0.31	0.42	0.47	0.44	0.34	0.46	0.41	NA	0.44	0.43	0.43	0.18	0.40	0.43	NA	0.34	NA	0.41	0.39	0.45	0.33	0.47	0.32	0.48	0.33	0.44	0.38	0.33	0.34	0.29	0.31	0.37	0.29	0.27	0.26	0.46	0.30	0.18	0.37
NM_006275|SRSF6|chr20|+	chr20:42089342-42092858	42089895	0.40	0.57	0.38	0.37	0.30	0.34	0.40	0.37	0.28	0.46	0.32	0.23	0.83	0.24	0.35	0.42	0.36	0.37	0.47	0.84	0.24	0.24	0.43	0.43	0.47	0.43	0.99	0.28	0.32	0.31	0.32	0.38	0.59	0.54	0.40	0.44	0.90	0.38	0.45	0.42	0.49	0.28	0.35	0.93	0.39	0.40	0.51	0.53	0.41	0.61	0.34	0.47	0.33	0.57	0.33	0.55	0.44	0.40	0.97	0.39	0.32	0.38	0.45	0.32	0.36	0.46	0.34	0.22	0.38
NM_006201|CDK16|chrX|+	chrX:47088129-47089276	47088356	0.54	0.47	0.44	0.64	0.43	0.42	0.43	0.53	0.40	0.46	0.53	0.40	0.52	0.41	0.36	0.40	0.27	0.31	0.40	NA	0.43	0.47	0.47	0.41	0.47	0.51	NA	0.55	0.46	0.51	0.33	0.51	0.50	0.57	0.46	0.34	NA	0.54	0.51	0.47	0.24	0.51	0.69	NA	NA	0.50	0.40	0.54	0.52	0.55	0.48	0.48	0.52	0.52	0.32	0.63	0.43	0.46	NA	0.49	0.63	0.39	0.54	0.46	0.43	0.38	0.38	0.27	0.52
NM_033109|PNPT1|chr2|-	chr2:55861248-55863527	55863312	0.25	0.26	0.23	0.26	0.15	0.26	0.26	0.21	0.12	0.32	0.21	NA	NA	0.11	NA	0.29	0.37	0.24	0.26	NA	0.14	0.21	0.35	0.14	0.43	NA	NA	0.18	0.18	0.19	0.16	0.21	0.37	0.37	0.21	0.26	NA	NA	0.37	0.41	0.27	0.16	0.28	NA	NA	0.27	0.27	0.23	0.34	0.31	0.23	0.27	0.31	0.40	0.17	0.24	0.22	0.28	NA	0.23	0.27	0.34	0.17	0.27	0.29	0.35	0.20	0.06	0.37
NM_032859|ABHD13|chr13|+	chr13:108881546-108887673	108883182	0.27	NA	0.32	0.39	NA	0.28	0.23	0.30	0.25	0.26	0.38	0.27	NA	0.25	0.31	NA	0.27	0.39	NA	NA	0.29	0.21	0.48	0.21	0.29	0.26	NA	0.32	0.31	0.33	NA	0.22	0.44	0.43	0.30	0.41	NA	0.45	0.41	0.45	0.45	0.26	0.22	NA	NA	0.27	0.32	0.35	0.39	NA	0.24	0.32	0.34	0.35	0.31	0.23	0.25	0.40	NA	NA	0.34	0.37	0.36	0.34	0.34	NA	0.32	NA	0.45
NM_020248|CTNNBIP1|chr1|-	chr1:9908336-9910834	9910172	0.71	0.77	0.72	0.57	0.64	0.62	0.83	0.87	0.39	0.79	0.91	0.35	NA	0.39	0.72	0.57	0.94	0.70	0.85	NA	0.52	0.69	0.92	0.57	0.98	0.92	NA	0.77	0.46	0.71	0.36	0.75	0.91	0.95	0.56	0.72	NA	0.90	0.92	1.00	0.91	0.55	0.63	NA	0.42	0.82	0.93	1.00	0.92	0.66	0.93	0.95	0.76	0.98	0.63	0.82	0.93	0.82	NA	0.85	0.66	0.68	1.00	0.57	0.68	1.00	0.53	0.34	0.95
NM_003681|PDXK|chr21|+	chr21:45175831-45182197	45176003	0.14	0.07	0.11	0.14	0.12	0.18	0.27	0.15	0.14	0.23	0.29	0.11	0.33	0.07	0.18	0.13	0.15	0.07	0.20	NA	0.19	0.17	0.37	0.07	0.33	NA	NA	0.13	0.22	0.11	0.09	0.12	0.08	0.31	0.08	0.07	NA	0.40	0.39	0.28	0.12	0.20	0.16	NA	0.17	0.36	0.12	0.29	0.24	0.14	0.18	0.28	0.25	0.14	0.14	0.25	0.14	0.15	NA	0.23	0.19	0.11	0.23	0.26	0.29	0.21	0.15	0.10	0.19
NM_153271|SNX33|chr15|+	chr15:75949302-75954607	75950858	0.13	0.23	0.13	0.15	0.09	0.24	0.17	0.21	0.15	0.17	0.20	0.21	NA	0.13	0.20	0.18	0.14	0.11	NA	NA	0.24	0.17	0.36	0.09	0.16	0.22	NA	0.15	0.10	0.11	0.14	0.17	0.30	0.15	0.13	0.10	NA	0.44	0.35	0.28	0.12	0.20	0.16	NA	NA	0.25	0.22	0.21	0.11	0.12	0.15	0.19	0.24	0.09	0.11	0.22	0.16	0.25	NA	NA	0.16	0.12	NA	0.19	0.19	0.18	0.14	0.13	0.32
NM_016185|HN1|chr17|-	chr17:73131312-73132345	73132124	0.47	0.26	0.36	0.33	0.24	0.36	0.34	0.37	0.21	0.38	0.51	0.24	0.48	0.27	0.29	0.31	0.42	0.30	0.31	NA	0.28	0.35	0.39	0.20	0.44	0.41	NA	0.38	0.28	0.27	0.19	0.44	0.43	0.36	0.38	0.33	NA	0.46	0.52	0.49	0.29	0.32	0.49	NA	0.78	0.48	0.40	0.40	0.46	0.30	0.27	0.46	0.36	0.44	0.30	0.61	0.35	0.31	NA	0.35	0.34	0.29	0.41	0.32	0.35	0.30	0.24	0.17	0.38
NM_020696|KIAA1143|chr3|-	chr3:44790223-44795044	44794835	0.54	0.32	0.57	0.43	0.31	0.56	0.41	0.62	0.38	0.44	0.61	0.40	NA	0.38	0.54	0.55	0.57	0.52	0.49	NA	0.42	0.39	0.61	0.33	0.61	0.50	NA	0.44	0.43	0.38	0.40	0.51	0.48	0.66	0.37	0.36	NA	0.54	0.60	0.63	0.42	0.49	0.50	0.37	0.40	0.56	0.52	0.48	0.60	0.36	0.60	0.52	0.62	0.70	0.32	0.61	0.40	0.57	NA	0.57	0.44	0.44	0.59	0.55	0.57	0.53	0.47	0.23	0.49
NM_005105|RBM8A|chr1|+	chr1:145509165-145513535	145509331	0.24	0.16	0.22	0.17	0.14	0.32	0.18	0.28	0.18	0.25	0.36	0.13	0.22	0.14	0.25	0.22	0.36	0.23	0.17	NA	0.24	0.31	0.37	0.13	0.38	0.41	0.80	0.25	0.14	0.20	0.14	0.25	0.22	0.28	0.15	0.19	NA	0.35	0.34	0.41	0.16	0.17	0.26	NA	0.32	0.27	0.21	0.29	0.34	0.17	0.20	0.28	0.23	0.37	0.14	0.26	0.19	0.24	NA	0.27	0.20	0.30	0.24	0.24	0.29	0.14	0.28	0.08	0.29
NM_004586|RPS6KA3|chrX|-	chrX:20168033-20173638	20173214	0.37	0.24	0.41	0.51	0.38	0.44	0.49	0.46	0.48	0.57	0.60	0.45	0.69	0.39	0.48	0.47	0.41	0.37	0.38	0.66	0.43	0.40	0.56	0.30	0.67	0.67	0.81	0.39	0.32	0.36	0.41	0.43	0.50	0.44	0.36	0.44	0.82	0.56	0.51	0.52	0.45	0.40	0.52	0.84	0.58	0.42	0.31	0.44	0.51	0.40	0.43	0.58	0.49	0.56	0.34	0.52	0.33	0.48	0.81	0.53	0.40	0.40	0.37	0.50	0.59	0.53	0.43	0.31	0.47
NM_018999|FAM190B|chr10|+	chr10:86273204-86278315	86274132	0.57	0.34	0.53	0.64	0.49	0.48	0.45	0.56	0.56	0.49	0.50	0.43	NA	0.41	NA	0.56	0.43	0.52	0.51	NA	NA	0.42	0.56	0.43	0.49	0.59	NA	0.44	0.49	0.40	0.42	0.54	0.56	0.62	0.42	0.37	NA	0.68	0.57	0.64	0.45	0.36	0.44	0.70	NA	0.42	0.59	0.58	0.51	0.63	0.42	0.54	0.44	0.59	0.52	0.56	0.29	0.47	NA	NA	0.56	0.53	0.61	0.43	0.57	NA	0.46	0.35	NA
NM_017588|WDR5|chr9|+	chr9:137023014-137025027	137023402	0.61	0.56	0.65	0.54	0.46	0.60	0.56	0.61	0.37	0.68	0.51	0.28	NA	0.38	0.46	0.46	0.48	0.46	0.56	NA	0.37	0.36	0.46	0.26	0.51	0.46	NA	0.55	0.43	0.60	0.38	0.43	0.58	0.63	0.45	0.49	NA	0.45	0.51	0.57	0.58	0.36	0.44	NA	NA	0.58	0.65	0.58	0.44	0.76	0.57	0.57	0.71	0.56	0.42	0.66	0.85	0.62	NA	0.36	0.72	0.51	0.68	0.47	0.55	0.67	0.51	0.31	0.58
NM_014050|MRPL42|chr12|+	chr12:93894951-93897774	93896326	0.12	0.33	0.13	0.13	0.12	0.22	0.18	0.19	0.08	0.17	0.15	NA	NA	0.07	0.11	0.30	0.15	0.09	0.26	NA	0.17	0.12	0.23	0.15	0.29	0.38	NA	0.16	0.13	0.15	0.09	0.25	0.30	0.24	0.12	0.23	NA	0.37	0.34	0.40	0.22	0.13	0.20	NA	0.24	0.11	0.19	0.18	0.14	0.21	0.15	0.25	0.21	0.21	0.09	0.16	0.15	0.26	NA	0.26	0.11	0.16	0.14	0.21	0.08	0.29	0.10	0.05	0.21
NM_006191|PA2G4|chr12|+	chr12:56506606-56507671	56506860	0.40	0.24	0.25	0.39	0.28	0.33	0.35	0.35	0.36	0.34	0.38	0.18	0.59	0.21	0.29	0.36	0.28	0.32	0.31	NA	0.31	0.31	0.26	0.23	0.55	0.50	NA	0.43	0.29	0.26	0.24	0.43	0.36	0.46	0.35	0.26	NA	0.43	0.52	0.55	0.33	0.26	0.36	NA	0.37	0.44	0.44	0.35	0.37	0.35	0.25	0.46	0.22	0.34	0.31	0.55	0.27	0.29	NA	0.27	0.33	0.25	0.32	0.35	0.35	0.38	0.19	0.14	0.38
NM_015132|SNX13|chr7|-	chr7:17829472-17833916	17833125	0.40	0.61	0.47	0.43	0.33	0.48	0.45	0.44	0.31	0.41	0.32	0.18	NA	0.21	0.31	0.31	0.26	0.36	0.36	NA	0.24	0.23	0.42	0.33	0.46	0.32	NA	0.35	0.32	0.31	0.29	0.56	0.47	0.38	NA	0.40	0.68	0.36	0.48	0.47	0.44	0.20	0.32	NA	0.34	0.41	0.52	0.53	0.44	0.50	0.41	NA	0.31	0.56	0.26	0.53	0.44	0.35	NA	0.30	0.34	0.43	0.47	0.24	0.34	0.64	0.28	0.22	0.36
NM_006888|CALM1|chr14|+	chr14:90871032-90874606	90871887	0.28	0.12	0.22	0.24	0.23	0.28	0.21	0.28	0.22	0.29	0.37	0.18	0.18	0.17	0.28	0.32	0.42	0.24	0.28	0.11	0.23	0.28	0.32	0.20	0.37	0.32	0.19	0.33	0.23	0.20	0.20	0.22	0.30	0.25	0.18	0.18	0.21	0.34	0.35	0.48	0.28	0.29	0.24	0.19	0.17	0.32	0.24	0.29	0.27	0.25	0.24	0.18	0.31	0.36	0.25	0.16	0.18	0.38	0.15	0.34	0.35	0.26	0.37	0.32	0.25	0.21	0.23	0.35	0.33
NM_006306|SMC1A|chrX|-	chrX:53400955-53407107	53404949	0.13	0.24	0.11	0.07	0.05	0.11	0.40	0.21	0.07	0.11	0.10	NA	NA	0.07	0.15	0.07	0.07	0.12	0.09	NA	0.10	0.05	0.31	0.08	0.18	NA	NA	0.15	0.08	0.09	0.10	0.13	0.25	0.20	0.04	0.30	NA	0.40	0.25	0.19	0.17	0.05	0.12	NA	NA	0.16	0.11	0.22	0.10	0.09	0.11	0.10	0.10	0.11	0.09	0.12	0.16	0.17	NA	0.26	0.11	0.05	0.07	0.12	0.09	0.37	0.05	0.03	0.20
NM_139062|CSNK1D|chr17|-	chr17:80198780-80202707	80200602	0.02	0.03	0.02	0.03	0.03	0.01	0.02	0.02	0.07	0.05	0.02	0.22	0.36	0.19	0.03	0.02	0.01	0.02	0.02	0.28	0.17	0.10	0.02	0.02	0.01	0.04	0.10	0.06	0.05	0.03	0.09	0.02	0.01	0.02	0.04	0.03	0.07	0.02	0.02	0.01	0.03	0.19	0.02	NA	0.04	0.24	0.02	0.07	0.02	0.05	0.06	0.05	0.04	0.01	0.02	0.02	0.04	0.02	NA	0.03	0.02	0.03	0.03	0.01	0.02	0.02	0.03	0.03	0.02
NM_002815|PSMD11|chr17|+	chr17:30807770-30810273	30809343	0.11	0.15	0.10	0.11	0.07	0.11	0.19	0.16	0.06	0.14	0.06	NA	0.12	0.06	0.11	0.14	0.11	0.10	0.11	0.17	0.09	0.07	0.13	0.09	0.25	NA	0.33	0.14	0.10	0.10	0.07	0.17	0.12	0.14	0.16	0.12	NA	NA	0.19	0.35	0.10	0.09	0.13	0.12	0.14	0.15	0.10	0.10	0.13	0.17	0.05	0.16	0.10	0.12	0.09	0.19	0.07	0.13	0.09	NA	0.08	0.06	0.12	0.11	0.10	0.15	0.06	0.05	0.18
NM_017994|C7orf42|chr7|+	chr7:66420488-66423533	66421045	0.49	0.36	0.53	0.57	0.25	0.56	0.39	0.50	0.26	0.57	0.62	0.24	0.34	0.30	0.47	0.61	0.53	0.53	0.41	0.52	0.34	0.44	0.63	0.25	0.74	0.58	0.73	0.45	0.40	0.40	0.44	0.45	0.64	0.66	0.36	0.48	0.70	0.53	0.66	0.70	0.45	0.26	0.49	0.77	0.43	0.56	0.59	0.54	0.61	0.40	0.47	0.63	0.52	0.68	0.34	0.68	0.43	0.48	0.71	0.34	0.54	0.48	0.49	0.45	0.49	0.43	0.44	0.25	0.56
NM_152902|TIPRL|chr1|+	chr1:168169140-168171350	168169341	0.35	0.22	0.45	0.44	0.41	0.38	0.27	0.57	0.32	0.50	0.41	0.18	0.36	0.23	0.30	0.61	0.27	0.37	0.37	0.41	0.25	0.29	0.66	0.47	0.43	0.43	0.78	0.27	0.28	0.30	0.26	0.37	0.33	0.40	0.43	0.28	NA	0.49	0.56	0.48	0.36	0.37	0.35	0.59	0.31	0.50	0.42	0.42	0.58	0.49	0.38	0.41	0.33	0.50	0.37	0.49	0.35	0.35	0.77	0.33	0.39	0.44	0.58	0.34	0.22	0.39	0.30	0.21	0.39
NM_018842|BAIAP2L1|chr7|-	chr7:97920982-97922908	97922621	0.40	0.50	0.53	0.50	0.41	0.48	0.77	0.52	0.30	0.68	0.50	0.20	0.46	0.24	0.31	0.44	0.58	0.46	0.55	NA	0.40	0.42	0.52	0.26	0.73	0.69	0.90	0.45	0.46	0.47	0.31	0.60	0.53	0.76	0.34	0.60	NA	0.70	0.62	0.68	0.58	0.44	0.58	NA	NA	0.48	0.38	0.44	0.53	0.40	0.47	0.60	0.50	0.73	0.48	0.57	0.48	0.44	NA	0.44	0.43	0.48	0.41	0.52	0.65	0.77	0.41	0.22	0.75
NM_001161407|NDFIP2|chr13|+	chr13:80126650-80130210	80127928	0.26	0.38	0.23	0.22	0.12	0.24	0.22	0.23	0.15	0.20	0.16	0.13	NA	0.11	0.24	0.27	0.13	0.23	0.18	NA	0.11	0.12	0.24	0.12	0.15	0.15	0.34	0.18	0.14	0.16	0.19	0.21	0.30	0.21	0.20	0.26	NA	0.20	0.16	0.29	0.16	0.09	0.24	NA	0.27	0.19	0.19	0.28	0.26	0.26	0.16	0.24	0.19	0.22	0.14	0.36	0.32	0.28	NA	0.26	0.23	0.22	0.20	0.21	0.11	0.19	0.14	0.08	0.24
NM_015949|GET4|chr7|+	chr7:934970-936079	935120	0.49	0.53	0.54	0.43	0.39	0.56	0.49	0.47	0.42	0.61	0.47	0.25	NA	0.32	0.33	0.42	0.46	0.35	0.58	NA	0.41	0.39	0.48	0.32	0.57	0.56	NA	0.60	0.43	0.46	0.28	0.43	0.44	0.64	0.39	0.37	NA	0.53	0.59	0.69	0.44	0.36	0.52	NA	NA	0.52	0.57	0.49	0.52	0.49	0.50	0.52	0.51	0.54	0.40	0.58	0.49	0.44	NA	0.32	0.53	0.52	0.62	0.45	0.54	0.60	0.45	0.35	0.51
NM_001080415|U2SURP|chr3|+	chr3:142775153-142779377	142775627	0.30	0.24	0.24	0.30	0.18	0.32	0.30	0.28	0.17	0.26	0.19	0.18	0.25	0.17	0.32	0.31	0.20	0.23	0.33	0.32	0.20	0.19	0.29	0.18	0.29	0.34	0.60	0.26	0.21	0.15	0.17	0.28	0.44	0.33	0.29	0.32	0.62	0.41	0.35	0.41	0.21	0.19	0.30	0.52	NA	0.35	0.21	0.32	0.30	0.31	0.20	0.31	0.33	0.27	0.22	0.32	0.18	0.29	0.43	0.32	0.24	0.30	0.26	0.27	0.24	0.21	0.27	0.12	0.28
NM_153029|N4BP1|chr16|-	chr16:48572625-48577172	48576647	0.24	0.17	0.37	0.26	0.16	0.31	0.36	0.23	0.15	0.46	0.37	0.09	0.29	0.16	0.37	0.27	0.32	0.29	0.48	NA	0.10	0.25	0.39	0.14	0.50	0.21	NA	0.22	0.28	0.21	0.26	0.25	0.35	0.61	0.14	0.37	NA	0.17	0.49	0.64	0.26	0.42	0.20	NA	0.16	0.43	0.25	0.36	0.40	0.31	0.26	0.31	0.37	0.50	0.30	0.34	0.24	0.28	NA	0.18	0.29	0.24	0.37	0.33	0.37	0.33	0.36	0.19	0.42
NM_030821|PLA2G12A|chr4|-	chr4:110630452-110635651	110635141	0.37	0.38	0.35	0.43	0.33	0.34	0.34	0.35	0.32	0.51	0.45	NA	NA	0.28	0.37	0.49	0.58	0.39	0.70	NA	0.33	0.38	0.53	0.27	0.60	NA	NA	0.36	0.26	0.31	0.31	0.36	0.45	0.53	0.33	0.45	NA	0.44	0.55	0.68	0.51	0.31	0.39	NA	0.33	0.43	0.73	0.55	0.42	0.36	0.38	0.52	0.42	0.55	0.40	0.35	0.31	0.43	NA	0.43	0.30	0.62	0.54	0.39	0.36	0.43	0.47	0.22	0.52
NM_001145547|RBM17|chr10|+	chr10:6157415-6158759	6157630	0.19	0.21	0.17	0.15	0.15	0.27	0.24	0.26	0.14	0.20	0.17	0.11	0.46	0.09	0.20	0.14	0.20	0.17	0.17	NA	0.19	0.17	0.23	0.14	0.30	0.29	NA	0.15	0.12	0.11	0.11	0.25	0.19	0.28	0.17	0.14	NA	0.35	0.31	0.34	0.18	0.10	0.23	NA	0.62	0.18	0.22	0.25	0.23	0.22	0.15	0.24	0.21	0.34	0.20	0.26	0.21	0.20	NA	0.31	0.17	0.23	0.28	0.19	0.25	0.25	0.17	0.07	0.20
NM_005766|FARP1|chr13|+	chr13:99100489-99102795	99101978	0.03	0.04	0.02	0.03	0.03	0.03	0.04	0.03	0.03	0.03	0.03	0.02	NA	0.03	0.01	0.03	0.03	0.03	0.04	NA	0.08	0.04	0.03	0.02	0.03	0.08	NA	0.04	0.03	0.04	0.03	0.03	0.05	0.02	NA	0.04	NA	0.07	0.03	0.04	0.04	0.03	0.02	NA	NA	0.03	0.03	0.02	0.02	0.03	0.02	0.04	0.05	0.03	0.05	0.04	0.04	0.04	NA	NA	0.05	0.02	0.03	0.03	0.04	0.03	0.04	0.02	0.04
NM_017896|C20orf11|chr20|+	chr20:61576090-61579812	61576852	0.25	0.14	0.20	0.23	0.16	0.23	0.22	0.31	0.18	0.26	0.32	0.21	0.29	0.22	0.29	0.28	0.29	0.24	0.35	0.30	0.24	0.22	0.48	0.14	0.36	0.36	0.47	0.25	0.25	0.21	0.24	0.21	0.27	0.38	0.11	0.26	NA	0.43	0.44	0.42	0.38	0.21	0.18	0.25	0.16	0.38	0.26	0.38	0.27	0.23	0.27	0.21	0.37	0.32	0.22	0.25	0.17	0.22	NA	0.26	0.25	0.26	0.38	0.30	0.28	0.17	0.30	0.23	0.33
NM_000232|SGCB|chr4|-	chr4:52886845-52890326	52890073	0.49	0.30	0.46	0.52	0.47	0.53	0.48	0.50	0.51	0.54	0.50	0.34	NA	0.43	0.47	0.49	0.49	0.54	0.53	NA	NA	NA	0.49	0.44	0.55	0.47	NA	0.43	0.35	0.49	0.57	0.47	0.40	NA	0.45	NA	NA	0.48	0.56	0.60	0.46	0.44	0.48	NA	0.49	0.49	0.52	0.63	0.59	0.53	0.50	0.44	0.44	NA	0.41	0.40	NA	0.54	NA	NA	0.43	0.50	0.68	0.45	0.57	NA	0.48	0.37	0.51
NM_015704|PPPDE2|chr22|-	chr22:41995972-41997194	41996987	0.20	0.16	0.20	0.49	0.27	0.45	0.22	0.48	0.38	0.27	0.52	0.25	0.62	0.23	0.29	0.46	0.39	0.33	0.46	NA	0.44	0.46	0.53	0.30	0.50	0.45	NA	0.45	0.30	0.29	0.33	0.24	0.39	0.48	0.24	0.22	NA	0.55	0.61	0.56	0.30	0.52	0.45	NA	0.52	0.41	0.38	0.46	0.42	0.27	0.37	0.60	0.41	0.30	0.41	0.36	0.18	0.39	NA	0.47	0.35	0.25	0.36	0.44	0.38	0.27	0.27	0.27	0.40
NM_003601|SMARCA5|chr4|+	chr4:144474271-144475960	144474506	0.30	0.38	0.44	0.35	0.35	0.33	0.35	0.51	0.28	0.36	0.30	0.23	0.39	0.22	0.35	0.34	0.37	0.32	0.40	NA	0.37	0.26	0.41	0.39	0.38	0.39	0.65	0.31	0.30	0.29	0.30	0.44	0.38	0.42	0.33	0.38	NA	0.40	0.44	0.39	0.36	0.23	0.34	NA	0.47	0.38	0.39	0.40	0.34	0.43	0.26	0.35	0.31	0.44	0.24	0.35	0.39	0.30	NA	0.38	0.35	0.37	0.33	0.35	0.37	0.52	0.33	0.18	0.36
NM_001195098|ANKRD28|chr3|-	chr3:15708624-15712063	15710153	0.35	0.78	0.43	0.35	0.24	0.31	0.31	0.46	0.23	NA	0.31	NA	NA	0.21	0.46	0.38	0.45	0.37	0.36	NA	0.25	0.33	0.35	0.23	0.39	0.39	NA	0.32	0.31	0.28	0.31	0.46	0.65	0.42	0.40	0.38	NA	0.29	0.40	0.52	0.35	0.20	0.34	NA	0.23	0.35	0.46	0.62	0.50	0.46	0.20	0.38	0.28	0.61	0.29	0.45	0.59	0.31	NA	0.25	0.37	0.49	0.25	0.21	0.22	0.44	0.27	0.11	0.35
NM_001098728|GTF2H2C|chr5|+	chr5:68887905-68891037	68888124	0.17	0.39	0.15	0.16	0.19	0.33	0.39	0.38	0.16	0.23	0.22	0.16	NA	0.08	0.23	0.44	0.22	0.18	0.23	0.43	0.20	0.20	0.31	0.12	0.36	NA	NA	0.30	0.12	0.19	0.14	0.32	0.34	0.35	0.16	0.48	0.46	0.39	0.41	0.38	0.23	0.24	0.25	NA	0.33	0.25	0.18	0.17	0.35	0.29	0.18	0.33	0.36	0.35	0.18	0.32	0.24	0.29	0.38	0.30	0.27	0.29	0.21	0.34	0.23	0.42	0.26	0.06	0.26
NM_152734|C6orf89|chr6|+	chr6:36891122-36896748	36892289	0.41	0.27	0.39	0.60	0.43	0.63	0.39	0.49	0.41	0.56	0.66	0.40	NA	0.38	0.48	0.49	0.45	0.50	0.57	NA	0.48	0.45	0.62	0.35	0.73	0.65	NA	0.56	0.44	0.50	0.49	0.46	0.47	0.73	0.38	0.60	NA	0.73	0.80	0.77	0.59	0.50	0.44	NA	0.49	0.67	0.53	0.57	0.65	0.51	0.38	0.64	0.48	0.69	0.40	0.70	0.35	0.43	NA	0.46	0.55	0.33	0.53	0.52	0.50	0.38	0.45	0.22	0.62
NM_001233|CAV2|chr7|+	chr7:116146024-116148608	116146757	0.41	0.88	0.66	0.27	0.24	0.49	0.58	0.39	0.19	0.42	0.42	0.19	0.25	0.21	0.40	0.48	0.34	0.45	0.47	0.60	0.25	0.29	0.54	0.20	0.39	0.35	0.70	0.22	0.31	0.38	0.29	0.44	0.51	0.69	0.31	0.71	NA	0.35	0.40	0.51	0.34	0.32	0.41	0.53	0.36	0.31	0.47	0.39	0.34	0.52	0.34	0.41	0.49	0.45	0.26	NA	0.71	0.37	0.70	0.35	0.36	0.35	0.46	0.37	0.36	0.51	0.32	0.20	0.50
NM_001777|CD47|chr3|-	chr3:107762155-107766139	107765961	0.14	0.09	0.13	0.29	0.10	0.24	0.10	0.17	0.18	0.20	0.28	0.10	0.19	0.10	0.12	0.22	0.22	0.17	0.15	0.33	0.12	0.13	0.32	0.07	0.25	0.22	0.46	0.17	0.14	0.09	0.16	0.12	0.20	0.24	0.16	0.12	0.48	0.20	0.23	0.35	0.09	0.11	0.19	0.34	0.15	0.19	0.17	0.12	0.30	0.19	0.09	0.23	0.23	0.18	0.09	0.13	0.10	0.13	0.59	0.14	0.12	0.15	0.28	0.15	0.16	0.11	0.17	0.12	0.22
NM_015969|MRPS17|chr7|+	chr7:56022601-56024180	56022900	0.18	0.20	0.23	0.17	0.18	0.22	0.25	0.38	0.11	0.19	0.28	0.13	NA	0.12	0.18	0.16	0.19	0.20	0.27	NA	0.18	0.16	0.32	0.16	0.42	0.37	NA	0.19	0.13	0.16	0.13	0.29	0.18	0.28	0.14	0.22	NA	0.33	0.34	0.29	0.24	0.13	0.18	NA	0.20	0.22	0.22	0.21	0.23	0.16	0.16	0.26	0.28	0.29	0.17	0.25	0.23	0.18	NA	0.21	0.18	0.18	0.26	0.24	0.24	0.28	0.18	0.16	0.32
NM_003292|TPR|chr1|-	chr1:186282121-186283158	186283008	0.18	0.04	0.08	0.08	0.08	0.09	0.17	0.15	0.06	0.08	0.06	NA	NA	0.04	0.13	0.06	0.17	0.13	0.05	NA	NA	0.04	0.19	0.10	0.12	NA	NA	0.07	0.04	0.04	0.04	0.40	0.13	0.18	0.15	0.11	NA	0.25	0.25	0.18	0.06	0.06	0.15	NA	0.33	0.12	0.06	0.34	0.18	0.11	0.07	0.09	0.09	0.16	0.02	0.06	0.06	0.19	NA	0.25	0.08	0.08	0.06	0.10	0.18	0.13	0.08	0.04	0.36
NM_002056|GFPT1|chr2|-	chr2:69546926-69553365	69552527	0.24	0.34	0.36	0.40	0.25	0.39	0.24	0.29	0.26	0.36	0.42	0.27	0.33	0.22	0.37	0.46	0.35	0.22	0.32	0.42	0.31	0.29	0.55	0.24	0.38	0.34	0.42	0.31	0.30	0.25	0.27	0.34	0.37	0.31	0.55	0.19	0.47	0.40	0.44	0.48	0.34	0.18	0.32	0.43	0.31	0.33	0.39	0.32	0.37	0.53	0.28	0.35	0.41	0.36	0.24	0.40	0.21	0.40	0.39	0.39	0.40	0.33	0.53	0.36	0.31	0.30	0.38	0.35	0.40
NM_021156|TMX4|chr20|-	chr20:7957997-7963268	7962094	0.34	NA	0.26	0.44	0.37	0.32	0.16	0.38	0.36	0.25	0.46	0.34	NA	0.40	0.36	0.31	0.26	0.36	0.26	NA	0.33	0.29	0.25	0.18	0.26	0.30	NA	0.36	0.34	0.31	0.21	0.34	0.35	0.40	0.29	0.22	NA	0.35	0.38	0.44	0.28	0.30	0.32	0.77	0.47	0.35	0.34	0.35	0.46	0.37	0.20	0.42	0.34	0.23	0.33	0.33	0.30	0.22	NA	0.26	0.33	0.28	0.38	0.37	0.21	0.20	0.41	0.32	0.36
NR_016021|TBRG1|chr11|+	chr11:124501988-124504617	124502254	0.51	0.33	0.47	0.46	0.48	0.43	0.29	0.35	0.41	0.39	0.37	NA	NA	0.29	0.45	0.35	0.52	0.42	0.23	0.47	NA	0.32	0.46	0.25	0.40	NA	0.76	0.35	0.38	0.27	0.33	0.33	0.43	0.63	0.47	0.27	NA	0.49	0.47	0.57	0.37	0.33	0.47	NA	0.58	0.40	0.32	0.37	0.60	0.42	0.30	0.43	0.53	0.62	0.40	0.38	0.22	0.42	NA	NA	0.46	0.44	0.46	0.38	0.54	0.33	0.39	0.26	0.48
NM_013321|SNX8|chr7|-	chr7:2292667-2294804	2294654	0.37	0.10	0.40	0.41	0.32	0.64	0.38	0.36	0.48	0.47	0.44	0.25	NA	0.28	0.47	0.39	0.37	0.21	0.40	NA	0.46	0.44	0.57	0.09	0.67	0.59	NA	0.44	0.40	0.35	0.25	0.19	0.27	0.46	0.30	0.26	NA	NA	0.70	0.45	0.28	0.46	0.41	NA	NA	0.49	0.35	0.66	0.43	0.66	0.44	0.57	0.53	0.44	0.47	0.48	0.31	0.33	NA	NA	0.43	0.36	0.52	0.47	0.63	NA	0.43	0.23	0.36
NM_148893|SVIP|chr11|-	chr11:22841584-22844679	22844474	0.29	0.38	0.36	0.34	0.35	0.33	0.25	0.34	0.37	0.41	0.33	NA	NA	0.24	0.39	0.45	0.48	0.37	0.45	NA	0.27	0.32	0.39	0.21	0.43	0.42	0.64	0.34	0.26	0.28	0.23	0.26	0.46	0.34	0.41	0.35	NA	0.40	0.39	0.44	0.34	0.30	0.38	NA	0.43	0.32	0.37	0.35	0.42	0.39	0.29	0.36	0.35	0.48	0.36	0.26	0.42	0.41	0.53	0.45	0.38	0.32	0.47	0.36	0.48	0.37	0.49	0.32	0.35
NM_002111|HTT|chr4|+	chr4:3241572-3245695	3242332	0.22	0.12	0.20	0.22	0.11	0.36	0.23	0.30	0.15	0.31	0.28	NA	NA	0.15	0.26	0.20	0.22	0.18	0.21	NA	0.25	0.23	0.51	0.10	0.39	NA	NA	0.25	0.20	0.17	0.15	0.22	0.18	0.48	0.15	0.14	NA	0.43	0.37	0.34	0.17	0.13	0.23	NA	NA	0.26	0.22	0.23	0.33	0.23	0.22	0.26	0.30	0.21	0.23	0.38	0.12	0.27	NA	NA	0.29	0.13	0.35	0.27	0.30	0.23	0.20	0.23	0.32
NM_003971|SPAG9|chr17|-	chr17:49039474-49043748	49043047	0.42	0.24	0.51	0.44	0.27	0.45	0.40	0.48	0.26	0.57	0.52	0.29	0.41	0.23	0.43	0.56	0.41	0.49	0.43	0.47	0.33	0.31	0.45	0.23	0.58	NA	0.55	0.30	0.31	0.24	0.39	0.53	0.43	0.46	0.42	0.30	0.53	0.44	0.43	0.65	0.30	0.31	0.52	0.70	0.49	0.43	0.43	0.49	0.37	0.44	0.29	0.48	0.47	0.49	0.29	0.47	0.22	0.50	0.52	0.52	0.43	0.45	0.56	0.34	0.55	0.46	0.50	0.36	0.44
NM_004514|FOXK2|chr17|+	chr17:80559178-80562465	80560263	0.42	0.44	0.50	0.64	0.37	0.43	0.45	0.38	0.39	0.70	0.40	0.19	0.31	0.23	0.30	0.63	0.44	0.32	0.43	NA	0.24	0.35	0.60	0.23	0.45	NA	NA	0.40	0.48	0.37	0.33	0.34	0.38	0.50	0.26	0.32	NA	0.45	0.53	0.65	0.59	0.23	0.35	NA	0.21	0.50	0.51	0.46	0.66	0.45	0.33	0.51	0.48	0.67	0.49	0.68	0.26	0.34	NA	0.23	0.42	0.45	0.61	0.38	0.55	0.43	0.53	0.40	0.42
NM_001195214|YIPF6|chrX|+	chrX:67751722-67757215	67754490	0.43	0.81	0.37	0.42	0.39	0.45	0.34	0.45	0.27	0.53	0.43	NA	NA	0.23	0.36	0.46	0.36	0.53	0.44	0.34	0.18	0.34	0.52	0.31	0.61	0.34	0.51	0.59	0.50	0.58	0.33	0.44	0.52	0.57	0.27	0.61	0.48	0.31	0.57	0.68	0.65	0.31	0.43	NA	0.17	0.32	0.45	0.50	0.64	0.47	0.33	0.48	0.56	0.65	0.66	0.45	0.78	0.44	NA	0.27	0.53	0.44	0.40	0.48	0.31	0.48	0.32	0.31	0.53
NM_032368|LZIC|chr1|-	chr1:9986355-9990515	9990328	0.34	0.47	0.43	0.48	0.40	0.46	0.38	0.60	0.41	0.66	0.61	NA	NA	0.31	0.46	0.43	0.63	0.43	0.56	NA	0.27	0.44	0.50	0.25	0.66	NA	NA	0.56	0.39	0.41	0.30	0.55	0.52	0.62	0.42	0.40	NA	0.40	0.57	0.72	0.38	0.33	0.59	NA	NA	0.51	0.54	0.62	0.69	0.46	0.42	0.53	0.59	0.60	0.42	0.52	0.44	0.46	NA	0.37	0.51	0.59	0.42	0.57	0.51	0.53	0.46	0.24	0.52
NM_015339|ADNP|chr20|-	chr20:49505285-49511049	49506976	0.58	NA	0.77	0.64	0.55	0.39	1.00	0.67	0.40	0.81	0.36	0.42	0.34	0.29	0.41	0.33	0.38	0.68	0.78	0.46	0.52	0.44	0.33	0.74	0.37	0.50	0.60	0.50	0.50	0.80	0.60	0.85	0.89	0.83	0.40	0.93	0.61	0.86	0.63	0.45	0.85	0.26	0.41	0.36	0.62	0.53	0.80	0.79	0.50	0.84	0.58	0.57	0.27	0.79	0.39	0.85	NA	0.35	0.59	0.27	0.70	0.60	0.29	0.20	0.40	NA	0.41	0.17	0.61
NM_000089|COL1A2|chr7|+	chr7:94059558-94060522	94059937	0.61	0.47	0.67	0.67	0.52	0.55	0.46	0.39	0.51	0.57	0.52	0.52	0.67	0.63	0.44	0.56	0.44	0.58	0.60	0.74	0.52	0.54	0.35	0.67	0.54	0.51	0.75	0.61	0.63	0.60	0.66	0.51	0.47	0.52	0.47	0.44	0.51	0.28	0.33	0.21	0.45	0.58	0.52	0.85	0.53	0.53	0.53	0.58	0.52	0.54	0.58	0.57	0.41	0.45	0.53	0.66	0.51	0.49	0.78	0.50	0.56	0.61	0.51	0.39	0.50	0.41	0.48	0.52	0.49
NM_001110792|MECP2|chrX|-	chrX:153286961-153296901	153295784	0.31	0.19	0.22	0.26	0.23	0.59	0.19	0.28	0.37	0.26	0.62	NA	NA	0.26	0.39	0.34	0.40	0.20	0.35	NA	0.27	0.31	0.74	0.13	0.29	NA	NA	0.27	0.23	0.19	0.25	0.22	0.35	0.55	0.18	0.12	NA	0.40	0.45	0.63	0.19	0.33	0.22	NA	NA	0.50	0.28	0.40	0.44	0.36	0.34	0.33	0.47	0.32	0.33	0.37	0.16	0.39	NA	0.40	0.40	0.23	0.56	0.47	0.38	0.13	0.33	0.39	0.37
NM_006753|SURF6|chr9|-	chr9:136195290-136199184	136197877	0.17	0.49	0.20	0.16	0.41	0.14	0.57	0.20	0.32	0.10	NA	NA	NA	0.14	0.46	0.25	0.17	0.26	0.25	NA	NA	0.16	0.23	NA	0.39	NA	NA	0.28	0.38	0.11	0.18	NA	0.23	0.17	0.07	0.17	NA	0.49	0.48	NA	0.11	NA	NA	NA	NA	0.10	0.26	0.11	NA	0.09	0.08	0.17	0.24	0.33	NA	0.16	0.11	0.25	NA	NA	0.10	0.13	0.26	0.26	0.13	0.07	0.12	0.25	0.47
NR_027126|RBM18|chr9|-	chr9:125000493-125004322	125002445	0.24	NA	0.42	0.31	0.23	0.30	0.46	0.35	0.26	0.54	0.33	NA	NA	0.15	0.33	0.37	0.42	0.36	0.39	NA	NA	0.22	0.26	0.12	0.39	NA	NA	0.26	0.28	0.33	0.27	0.22	0.45	0.44	0.23	0.45	NA	NA	0.39	0.41	0.44	0.28	0.33	NA	NA	0.37	0.37	0.44	0.36	0.36	0.22	0.38	0.53	0.63	0.30	0.38	0.39	0.38	NA	NA	0.36	0.42	0.33	0.23	0.27	0.40	0.25	0.22	0.46
NM_144498|OSBPL2|chr20|+	chr20:60868840-60871318	60869904	0.45	0.65	0.49	0.41	0.26	0.36	0.53	0.48	0.27	0.62	0.44	0.24	NA	0.22	0.34	0.40	0.31	0.52	0.55	NA	0.26	0.27	0.43	0.30	0.55	0.49	NA	0.38	0.33	0.32	0.41	0.41	0.41	0.62	0.32	0.51	NA	0.44	0.48	0.66	0.50	0.22	0.43	NA	0.50	0.57	0.49	0.53	0.47	0.49	0.34	0.30	0.52	0.60	0.55	0.54	0.36	0.32	NA	0.31	0.47	0.51	0.41	0.37	0.43	0.61	0.54	0.38	0.51
NM_001255976|PMEPA1|chr20|-	chr20:56219588-56227654	56223490	0.00	0.00	0.00	0.00	0.00	0.00	0.00	0.00	0.00	0.00	0.00	0.00	NA	0.00	0.00	0.00	0.00	0.00	0.00	NA	0.00	0.00	0.00	0.00	0.00	0.00	NA	0.00	0.00	0.00	0.00	0.00	0.00	0.00	0.00	0.00	NA	0.00	0.00	0.00	0.00	0.00	0.00	NA	0.00	0.00	0.00	0.00	0.00	0.00	0.00	0.00	0.00	0.00	0.00	0.00	0.00	0.00	NA	0.00	0.00	0.00	0.00	0.00	0.00	NA	0.00	0.00	0.00
NM_013302|EEF2K|chr16|+	chr16:22295207-22300049	22297921	NA	NA	0.36	0.42	NA	0.37	NA	NA	0.42	NA	0.27	NA	NA	NA	0.51	0.40	NA	0.33	0.54	NA	0.33	0.38	0.58	NA	0.70	0.51	NA	NA	NA	NA	0.37	0.67	0.84	0.63	0.41	0.62	NA	0.46	0.60	0.68	NA	0.39	0.54	NA	0.44	0.51	NA	0.47	0.54	NA	NA	0.58	0.35	0.67	NA	NA	NA	0.38	NA	0.35	0.40	NA	0.38	0.44	0.29	NA	0.25	NA	0.54
NM_194261|UBE2I|chr16|+	chr16:1374730-1377005	1375280	0.13	0.10	0.11	0.07	0.03	0.12	0.18	0.16	0.05	0.14	0.09	0.04	0.06	0.04	0.11	0.05	0.16	0.09	0.10	0.02	0.05	0.06	0.09	0.05	0.18	0.17	0.08	0.09	0.05	0.06	0.07	0.10	0.16	0.11	0.06	0.10	NA	0.24	0.19	0.35	0.10	0.07	0.11	NA	0.07	0.13	0.06	0.12	0.12	0.15	0.07	0.07	0.22	0.16	0.07	0.06	0.10	0.13	NA	0.15	0.07	0.09	0.08	0.11	0.10	0.15	0.12	0.02	0.14
NM_002709|PPP1CB|chr2|+	chr2:29022064-29025832	29023850	0.40	0.93	0.52	0.43	0.39	0.34	0.64	0.54	0.28	0.61	0.30	0.25	0.39	0.31	0.43	0.59	0.47	0.45	0.54	0.59	0.31	0.32	0.36	0.35	0.53	0.47	0.73	0.42	0.40	0.44	0.47	0.54	0.87	0.65	0.38	0.89	0.74	0.47	0.68	0.56	0.61	0.26	0.42	0.53	0.44	0.45	0.46	0.62	0.57	0.66	0.39	0.48	0.31	0.58	0.44	0.56	0.68	0.43	0.48	0.33	0.44	0.55	0.29	0.33	0.29	0.75	0.41	0.17	0.56
NM_004863|SPTLC2|chr14|-	chr14:77972324-77978746	77978485	0.48	0.10	0.42	0.47	0.34	0.69	0.39	0.40	0.52	0.54	0.56	NA	NA	0.37	0.51	0.52	0.55	0.33	0.30	NA	NA	0.46	0.60	0.20	0.58	0.60	0.82	0.44	0.39	0.32	0.31	0.38	0.38	0.60	0.33	0.30	0.81	0.59	0.58	0.57	0.27	0.34	0.50	1.00	NA	0.54	NA	0.41	0.71	0.48	0.49	0.48	0.50	0.53	0.31	0.60	0.25	0.42	1.00	0.55	0.40	0.36	0.60	0.51	0.60	0.31	0.48	0.31	0.52
NM_174909|TMEM167A|chr5|-	chr5:82347055-82352973	82352605	0.32	0.52	0.35	0.45	0.27	0.42	0.34	0.38	0.35	0.46	0.52	0.29	0.36	0.27	0.32	0.61	0.34	0.39	0.51	0.44	0.30	0.32	0.44	0.20	0.52	0.45	0.48	0.34	0.27	0.32	0.37	0.31	0.39	0.41	0.34	0.51	0.50	0.46	0.50	0.61	0.36	0.35	0.44	0.59	0.31	0.36	0.39	0.44	0.39	0.46	0.37	0.49	0.50	0.55	0.39	0.34	0.36	0.47	0.56	0.40	0.40	0.40	0.44	0.38	0.46	0.33	0.39	0.23	0.43
NM_001981|EPS15|chr1|-	chr1:51819906-51822518	51820940	0.73	0.99	0.62	0.50	0.43	0.44	0.66	0.58	0.47	0.64	0.45	NA	0.50	0.46	0.44	0.56	0.39	0.72	0.43	0.78	0.38	0.40	0.43	0.55	0.48	NA	0.69	0.53	0.53	0.55	0.66	0.60	0.82	0.71	0.39	0.70	0.78	0.46	0.70	0.59	0.76	0.40	0.62	NA	0.69	0.59	0.57	0.72	0.48	0.64	0.46	0.53	0.48	0.59	0.56	0.79	0.91	0.45	0.73	0.50	0.61	0.61	0.65	0.38	0.41	0.81	0.59	0.41	0.49
NM_001202516|CFLAR|chr2|+	chr2:202028557-202038096	202032603	NA	0.83	0.82	0.47	0.98	0.54	0.74	0.54	0.23	0.63	NA	0.23	0.38	0.30	0.50	NA	0.73	0.80	NA	0.69	0.28	0.37	0.65	0.26	0.72	NA	1.00	0.50	0.47	0.39	NA	0.43	1.00	0.59	0.34	1.00	1.00	0.64	0.93	0.95	0.84	0.59	0.54	0.63	0.44	0.43	NA	0.50	0.27	0.48	0.39	0.53	0.69	1.00	NA	0.79	0.62	0.64	0.90	0.48	0.68	0.66	0.64	0.44	0.44	NA	0.62	0.86	0.56
NM_001002264|EPSTI1|chr13|-	chr13:43460558-43462638	43462235	0.22	0.44	0.22	0.23	NA	0.20	0.28	0.26	0.20	0.31	0.23	0.17	0.26	0.16	0.20	0.28	NA	0.24	NA	NA	0.22	0.22	0.25	0.27	0.39	0.35	NA	0.24	0.21	0.22	0.25	0.24	0.32	NA	0.19	0.41	NA	NA	NA	NA	NA	NA	0.20	NA	0.22	0.28	0.29	0.28	0.26	0.30	0.27	0.27	0.28	NA	0.26	NA	0.36	0.40	NA	0.39	0.32	0.23	0.19	0.29	0.21	NA	0.18	0.16	0.22
NM_024755|SLTM|chr15|-	chr15:59171021-59172306	59171682	NA	0.86	0.64	0.48	0.51	0.58	0.73	0.84	0.38	0.63	0.49	0.41	NA	0.50	0.67	0.62	0.52	0.62	0.54	NA	0.47	0.43	0.57	0.62	0.60	0.68	0.98	0.52	0.47	0.73	0.53	0.83	0.70	0.69	0.44	0.63	NA	0.65	0.61	0.86	0.71	0.42	0.51	NA	NA	0.55	0.71	0.64	0.50	0.53	0.55	0.60	0.52	0.57	0.42	0.83	0.85	0.65	NA	0.65	0.57	0.61	0.56	0.61	0.47	0.95	0.51	0.50	0.61
NM_052972|LRG1|chr19|-	chr19:4536436-4538963	4537256	0.27	0.67	0.38	NA	0.28	0.30	0.40	0.31	0.28	0.39	NA	0.28	0.64	0.27	0.18	0.39	0.25	0.32	NA	NA	0.31	0.23	NA	0.23	0.34	0.35	NA	0.35	0.29	0.43	0.29	0.33	0.38	0.37	0.22	0.39	NA	0.35	0.37	0.51	0.43	0.23	0.24	NA	0.35	0.33	0.44	0.34	0.34	0.43	0.28	0.42	0.31	0.30	0.35	NA	0.58	0.25	NA	0.34	0.46	0.33	NA	0.22	0.23	0.29	0.18	NA	0.36
NM_001170330|C4orf3|chr4|-	chr4:120218188-120219934	120219673	0.37	0.32	0.31	0.29	0.27	0.28	0.29	0.39	0.25	0.25	0.47	0.16	0.18	0.19	0.26	0.40	0.25	0.32	0.35	0.20	0.17	0.23	0.43	0.26	0.36	0.32	0.37	0.27	0.25	0.23	0.20	0.26	0.28	0.33	0.27	0.21	0.36	0.36	0.40	0.50	0.25	0.27	0.38	0.47	0.36	0.24	0.32	0.33	0.33	0.17	0.24	0.26	0.36	0.43	0.23	0.22	0.34	0.35	0.21	0.36	0.38	0.26	0.27	0.38	0.34	0.36	0.26	0.23	0.41
NM_001083924|C1orf116|chr1|-	chr1:207190745-207196825	207194103	0.53	0.74	0.87	0.40	0.90	0.45	0.92	0.63	0.30	0.80	0.66	NA	NA	0.32	0.69	NA	0.63	0.78	NA	NA	NA	0.31	0.86	0.65	0.63	0.58	NA	0.81	0.34	0.81	NA	0.77	0.69	0.80	NA	0.86	1.00	0.81	0.80	0.70	0.78	NA	0.37	NA	NA	0.63	NA	0.68	0.44	0.48	0.46	0.50	0.76	0.88	0.81	NA	0.68	0.65	NA	0.65	0.71	0.41	NA	0.38	0.71	0.96	0.63	0.60	0.84
NM_003403|YY1|chr14|+	chr14:100743754-100749177	100744880	0.22	0.19	0.23	0.17	0.13	0.25	0.31	0.19	0.15	0.32	0.30	0.13	0.21	0.13	0.26	0.41	0.30	0.24	0.27	0.23	0.18	0.21	0.31	0.12	0.36	0.29	0.31	0.23	0.22	0.13	0.15	0.20	0.28	0.32	0.14	0.20	0.42	0.31	0.35	0.36	0.19	0.20	0.22	0.37	0.12	0.27	0.22	0.27	0.26	0.24	0.15	0.32	0.26	0.29	0.22	0.27	0.13	0.23	0.25	0.20	0.24	0.16	0.26	0.23	0.21	0.17	0.23	0.09	0.35
NR_024537|GSTM3|chr1|-	chr1:110277919-110279791	110279636	0.11	0.10	0.13	0.11	0.03	0.07	0.10	0.11	NA	0.06	0.12	NA	NA	0.05	0.09	0.07	0.13	0.09	0.06	NA	0.06	0.06	0.13	0.05	0.17	0.19	NA	0.06	0.09	0.09	0.10	0.07	0.12	NA	0.04	0.05	NA	0.30	0.25	0.16	0.08	0.08	0.13	NA	0.14	0.09	0.06	0.10	0.12	NA	0.05	NA	NA	0.16	0.06	0.04	0.06	0.08	NA	0.11	0.06	0.12	0.05	0.07	NA	0.07	0.07	0.04	0.14
NM_014991|WDFY3|chr4|-	chr4:85590560-85594144	85593618	0.72	0.56	0.62	0.73	0.55	0.79	0.56	0.67	0.62	0.55	0.53	NA	NA	0.49	0.64	0.69	0.48	0.63	0.41	NA	0.37	0.55	0.70	NA	0.57	NA	NA	0.61	0.69	0.63	0.51	0.75	0.75	0.61	NA	0.39	NA	0.43	0.74	0.72	0.49	NA	0.73	NA	0.54	0.66	0.73	0.62	0.60	0.64	0.33	0.77	0.73	0.50	NA	0.64	0.53	0.66	NA	NA	0.54	0.68	0.82	0.55	0.55	NA	0.64	0.57	0.70
NM_001098517|CADM1|chr11|-	chr11:115044343-115047312	115047156	0.56	0.31	0.36	0.76	0.60	0.69	0.34	0.62	0.75	NA	0.77	NA	NA	0.59	0.48	0.58	0.54	0.62	0.54	NA	NA	0.64	0.78	0.60	NA	NA	NA	0.38	NA	0.48	0.48	0.56	0.62	0.64	0.52	0.74	0.83	0.54	0.62	0.59	0.22	0.58	0.72	NA	0.58	0.63	0.67	0.48	0.72	0.74	0.35	0.50	0.55	0.49	0.25	0.67	0.31	0.47	NA	0.49	0.53	0.57	0.77	0.53	0.64	0.33	0.42	0.71	0.65
NM_080391|PTP4A2|chr1|-	chr1:32372010-32374561	32374304	0.48	0.40	0.40	0.42	0.47	0.52	0.52	0.52	0.32	0.48	0.63	0.29	0.34	0.27	0.41	0.47	0.59	0.36	0.45	0.50	0.41	0.46	0.56	0.36	0.61	0.52	0.67	0.42	0.40	0.31	0.32	0.53	0.53	0.53	0.52	0.48	0.65	0.56	0.60	0.60	0.35	0.29	0.47	0.57	0.39	0.51	0.42	0.53	0.61	0.48	0.35	0.54	0.47	0.62	0.41	0.45	0.30	0.40	0.69	0.39	0.37	0.44	0.45	0.44	0.49	0.49	0.42	0.14	0.54
NM_006827|TMED10|chr14|-	chr14:75598136-75601709	75601025	0.34	0.25	0.38	0.56	0.35	0.47	0.30	0.43	0.49	0.45	0.52	0.34	0.53	0.37	0.50	0.43	0.38	0.49	0.44	0.83	0.35	0.40	0.50	0.31	0.39	0.40	0.86	0.40	0.41	0.34	0.23	0.40	0.52	0.52	0.39	0.20	0.87	0.47	0.57	0.56	0.23	0.36	0.47	0.91	0.35	0.42	0.31	0.42	0.59	0.50	0.35	0.52	0.39	0.38	0.26	0.52	0.22	0.37	0.90	0.31	0.43	0.47	0.45	0.44	0.35	0.35	0.35	0.34	0.47
NM_006321|ARIH2|chr3|+	chr3:49020631-49023137	49020834	0.65	0.48	0.61	0.58	0.47	0.60	0.68	0.70	0.39	0.68	0.56	0.42	NA	0.48	0.67	0.50	0.55	0.64	0.70	NA	0.41	0.47	0.65	0.51	0.83	0.65	NA	0.71	0.59	0.48	0.49	0.75	0.76	0.72	0.60	0.67	NA	0.64	0.73	0.80	0.71	0.44	0.55	NA	NA	0.74	0.72	0.74	0.69	0.61	0.57	0.61	0.59	0.68	0.47	0.75	0.58	0.53	NA	0.49	0.65	0.56	0.54	0.60	0.49	0.72	0.44	0.28	0.72
NM_152793|C7orf41|chr7|+	chr7:30197053-30204522	30198055	0.27	NA	0.26	NA	0.25	0.49	0.39	0.30	0.11	NA	NA	NA	NA	NA	NA	0.74	0.41	0.32	0.72	NA	NA	NA	0.78	0.11	0.69	0.61	0.73	0.36	NA	0.18	NA	0.29	0.34	0.54	NA	0.44	NA	0.43	0.51	0.72	0.37	NA	0.26	NA	0.22	NA	0.44	0.38	0.30	0.36	0.21	NA	0.39	0.51	NA	NA	0.27	0.44	NA	0.43	0.40	NA	0.60	0.39	0.41	0.27	NA	NA	0.58
NM_183235|RAB27A|chr15|-	chr15:55495153-55497903	55497565	0.51	0.55	0.58	0.51	0.44	0.46	0.52	0.53	0.48	0.55	0.47	0.25	0.56	0.30	0.42	0.49	0.42	0.49	0.47	NA	0.33	0.35	0.49	0.30	0.47	0.43	0.85	0.42	0.41	0.30	0.50	0.45	0.55	0.67	0.44	0.51	0.87	0.47	0.63	0.60	0.43	0.35	0.46	0.81	0.44	0.53	0.71	0.57	0.55	0.64	0.41	0.59	0.53	0.55	0.43	0.62	0.58	0.44	NA	0.38	0.55	0.54	0.59	0.43	0.39	0.66	0.38	0.30	0.50
NM_018697|LANCL2|chr7|+	chr7:55498918-55501941	55499178	0.43	0.20	0.53	0.42	0.44	0.51	0.33	0.41	0.46	0.47	NA	0.23	NA	0.30	NA	0.44	0.45	0.39	0.36	NA	NA	NA	0.45	0.21	NA	NA	NA	0.41	0.29	0.38	0.36	0.43	0.47	0.51	0.30	0.31	NA	0.30	0.50	0.69	0.45	0.31	0.40	NA	NA	0.42	0.57	0.39	0.41	0.46	0.32	NA	0.59	0.61	NA	0.52	0.33	0.43	NA	0.25	0.44	0.40	0.62	0.54	0.48	0.50	0.48	0.42	0.51
NM_001202470|RPS10-NUDT3|chr6|-	chr6:34247400-34256708	34256219	0.16	0.11	0.13	0.23	0.20	0.28	0.18	0.19	0.16	0.19	0.28	0.22	0.48	0.17	0.24	0.28	0.18	0.18	0.12	NA	0.25	0.19	0.41	0.07	0.40	0.35	0.64	0.24	0.10	0.12	0.16	0.19	0.17	0.28	0.12	0.13	0.66	0.40	0.40	0.37	0.17	0.29	0.18	0.69	0.21	0.28	0.16	0.21	0.26	0.17	0.16	0.27	0.29	0.23	0.16	0.13	0.07	0.32	0.67	0.35	0.13	0.10	0.16	0.31	0.28	0.12	0.26	0.08	0.32
NM_014547|TMOD3|chr15|+	chr15:52200972-52207910	52204220	0.08	NA	0.18	0.20	0.11	0.20	0.22	0.33	0.08	0.26	0.19	0.07	0.16	0.06	0.17	0.28	0.11	0.18	0.14	0.21	0.17	0.20	0.22	0.16	0.27	0.25	0.30	0.23	0.17	0.21	0.14	0.38	0.22	0.25	0.13	0.18	0.29	0.23	0.29	0.29	0.17	0.13	0.27	0.21	0.25	0.12	0.20	0.20	0.18	0.18	0.16	0.25	0.16	0.25	0.16	0.26	0.18	0.19	0.26	0.21	0.19	0.15	0.19	0.18	0.11	NA	0.13	0.07	0.26
NM_001198681|LEPROT|chr1|+	chr1:65897485-65901944	65899343	0.23	NA	0.43	0.36	0.22	0.37	0.38	0.34	0.20	0.55	0.33	0.15	0.38	0.18	0.27	0.64	0.23	0.51	0.58	0.39	0.14	0.22	0.44	0.13	0.54	0.43	0.59	0.31	0.34	0.57	0.36	0.24	0.58	0.48	0.24	0.84	0.58	0.30	0.46	0.49	0.46	0.29	0.25	0.44	0.11	0.27	0.46	0.56	0.36	0.65	0.40	0.51	0.43	0.55	0.35	0.62	0.83	0.46	0.49	0.29	0.55	0.42	0.46	0.37	0.27	0.52	0.30	0.16	0.39
NM_024300|CHCHD7|chr8|+	chr8:57129889-57131243	57130039	0.44	0.52	0.40	0.53	NA	0.47	0.53	0.57	0.44	0.55	0.69	0.32	0.48	0.40	0.27	0.61	0.55	0.46	0.52	NA	0.32	0.43	0.72	0.29	0.72	0.57	NA	0.62	0.38	0.61	0.41	0.58	0.46	0.61	0.33	0.75	NA	0.49	0.76	0.69	0.47	0.49	0.62	NA	0.46	0.44	0.61	0.50	0.51	0.37	0.72	0.48	0.62	0.64	0.47	0.57	0.68	0.48	NA	0.35	0.51	0.40	0.55	0.49	0.39	0.62	0.40	0.30	0.53
NM_012081|ELL2|chr5|-	chr5:95220376-95224691	95223184	0.34	0.62	0.32	0.24	0.17	0.27	0.54	0.28	0.11	0.35	0.34	0.20	0.54	0.16	0.26	0.34	0.47	0.37	NA	0.67	0.38	0.24	0.28	0.16	0.40	NA	NA	0.31	0.29	0.24	0.32	0.35	0.67	0.38	0.27	0.67	NA	0.57	0.41	0.47	0.29	0.31	0.40	0.58	0.64	0.34	0.39	0.35	0.37	0.33	0.18	0.41	0.30	0.55	0.28	0.60	0.40	0.36	0.73	0.52	0.30	0.29	0.30	0.24	0.29	NA	0.31	0.09	0.41
NM_012218|ILF3|chr19|+	chr19:10799854-10803093	10800443	0.43	0.59	0.56	0.40	0.40	0.51	0.71	0.54	0.30	0.47	0.53	0.33	0.76	0.28	0.43	0.44	0.51	0.45	0.52	0.64	0.34	0.32	0.56	0.30	0.63	NA	0.82	0.37	0.37	0.43	0.44	0.38	0.57	0.46	0.17	0.55	0.77	0.56	0.48	0.47	0.55	0.38	0.48	0.60	0.56	0.47	0.44	0.43	0.51	0.43	0.39	0.43	0.58	0.57	0.51	0.45	0.41	0.46	0.41	0.59	0.41	0.44	0.33	0.61	0.47	0.74	0.51	0.38	0.57
NM_020408|LYRM4|chr6|-	chr6:5108675-5109725	5109374	0.39	0.59	0.39	0.37	0.30	0.30	0.54	0.35	0.32	0.38	0.33	0.20	NA	0.22	0.28	0.38	0.36	0.31	0.33	NA	0.23	0.22	0.32	0.26	0.42	NA	NA	0.36	0.37	0.35	0.31	0.45	0.50	0.39	0.34	0.44	NA	0.39	0.29	0.38	0.31	0.35	0.45	NA	0.35	0.40	0.30	0.41	0.47	0.34	0.33	0.35	0.35	0.48	0.25	0.34	0.49	0.43	NA	0.49	0.37	0.44	0.40	0.39	0.32	0.33	0.34	0.28	0.49
NM_024529|CDC73|chr1|+	chr1:193219805-193224552	193219993	0.39	NA	0.43	0.39	0.35	0.38	0.36	0.47	0.27	0.35	0.32	0.24	0.48	0.22	0.38	0.46	0.43	0.37	0.45	NA	0.40	0.37	0.36	0.31	0.35	NA	0.78	0.29	0.35	0.28	0.27	0.37	0.53	0.39	0.35	0.31	NA	0.44	0.48	0.53	0.33	0.29	0.46	NA	0.51	0.34	0.33	0.49	0.47	0.52	0.28	0.42	0.37	0.46	0.31	0.33	0.33	0.42	NA	0.39	0.30	0.40	0.37	0.34	0.35	0.52	0.35	0.21	0.38
NM_003079|SMARCE1|chr17|-	chr17:38783626-38785245	38785052	0.47	0.40	0.50	0.38	0.42	0.34	0.40	0.53	0.41	0.44	0.36	0.34	NA	0.28	0.42	0.42	0.42	0.38	0.40	NA	0.48	0.35	0.47	0.35	0.42	0.53	NA	0.47	0.32	0.30	0.45	0.49	0.46	0.41	0.33	0.32	0.99	0.57	0.54	0.52	0.43	0.30	0.34	1.00	0.75	0.38	0.54	0.47	0.41	0.50	0.30	0.40	0.38	0.52	0.39	0.44	0.35	0.45	NA	0.61	0.43	0.42	0.58	0.31	0.39	0.58	0.37	0.25	0.38
NR_033404|BMP1|chr8|+	chr8:22058630-22059314	22058936	0.05	0.13	0.17	0.19	NA	NA	NA	NA	0.09	0.23	0.17	NA	NA	0.09	0.07	NA	NA	0.14	0.10	NA	NA	0.22	NA	0.10	NA	NA	NA	0.23	0.05	0.09	0.07	NA	NA	NA	NA	0.10	NA	NA	NA	NA	NA	NA	0.30	NA	0.21	0.11	0.11	0.25	0.10	0.12	0.16	0.10	0.35	NA	0.16	0.21	0.15	NA	NA	NA	0.11	0.20	NA	NA	NA	NA	0.10	NA	0.48
NM_001537|HSBP1|chr16|+	chr16:83845025-83846598	83845233	0.31	0.35	0.30	0.36	0.21	0.35	0.28	0.43	0.25	0.32	0.45	0.21	0.28	0.21	0.29	0.43	0.33	0.34	0.31	0.32	0.25	0.29	0.45	0.23	0.49	0.48	0.64	0.32	0.26	0.30	0.22	0.39	0.30	0.43	0.31	0.31	0.63	0.41	0.45	0.36	0.26	0.31	0.40	0.37	0.30	0.35	0.41	0.40	0.38	0.26	0.32	0.36	0.32	0.42	0.25	0.44	0.27	0.28	0.42	0.28	0.30	0.29	0.31	0.37	0.51	0.31	0.34	0.13	0.39
NM_016277|RAB23|chr6|-	chr6:57051380-57055398	57053644	0.19	NA	0.26	0.23	0.16	NA	0.46	0.19	0.16	NA	0.24	NA	NA	0.19	0.25	0.23	NA	NA	0.21	NA	0.20	0.15	NA	0.12	NA	NA	NA	0.22	0.18	0.15	0.37	0.21	NA	NA	0.16	NA	NA	NA	0.32	0.32	NA	0.22	0.22	NA	0.23	NA	NA	NA	0.33	NA	0.16	0.33	NA	NA	0.22	0.24	0.24	NA	NA	NA	0.24	0.20	0.23	0.16	0.30	NA	0.36	NA	NA
NM_001162916|TYW3|chr1|+	chr1:75229577-75232342	75230045	0.39	NA	0.51	0.40	0.43	0.50	0.48	0.44	0.42	0.59	0.38	NA	NA	0.37	0.50	0.48	0.47	0.51	0.50	NA	NA	0.41	0.53	NA	0.68	NA	NA	0.58	0.28	0.38	0.22	0.40	NA	0.51	0.39	0.26	NA	NA	0.62	0.81	0.28	0.54	0.45	NA	NA	0.52	0.37	0.33	0.56	0.32	0.34	0.55	0.52	0.72	0.39	0.41	0.32	0.53	NA	NA	0.34	0.52	0.68	0.64	0.55	NA	0.44	0.29	0.59
NM_170665|ATP2A2|chr12|+	chr12:110784005-110788897	110784733	0.25	0.17	0.15	0.16	0.10	0.25	0.22	0.25	0.13	0.25	0.25	0.18	0.18	0.13	0.25	0.18	0.19	0.17	0.16	0.20	0.21	0.12	0.23	0.15	0.24	0.28	0.28	0.17	0.20	0.14	0.12	0.24	0.21	0.23	0.16	0.15	0.35	0.45	0.29	0.31	0.15	0.13	0.19	0.25	0.38	0.19	0.13	0.20	0.21	0.17	0.16	0.22	0.21	0.23	0.12	0.27	0.19	0.21	0.19	0.32	0.15	0.16	0.19	0.21	0.18	0.20	0.14	0.09	0.29
NM_005008|NHP2L1|chr22|-	chr22:42069934-42071199	42070897	0.38	0.22	0.36	0.38	0.30	0.44	0.39	0.36	0.26	0.45	0.50	0.22	0.49	0.32	0.36	0.37	0.39	0.30	0.25	0.74	0.20	0.37	0.45	0.16	0.42	0.37	0.90	0.35	0.31	0.33	0.29	0.31	0.46	0.49	0.30	0.27	0.95	0.33	0.49	0.55	0.39	0.22	0.37	0.93	0.18	0.39	0.33	0.44	0.45	0.40	0.32	0.33	0.48	0.53	0.29	0.41	0.39	0.40	NA	0.26	0.42	0.40	0.42	0.39	0.35	0.38	0.31	0.32	0.43
NM_004804|CIAO1|chr2|+	chr2:96936848-96939888	96937269	0.38	0.44	0.65	0.45	0.47	0.48	0.41	0.36	0.59	0.55	0.59	0.32	NA	0.32	0.55	0.49	0.53	0.55	0.52	NA	0.31	0.40	0.64	0.23	0.61	0.54	NA	0.50	0.41	0.51	0.36	0.34	0.60	0.56	0.27	0.45	NA	0.53	0.74	0.71	0.57	0.37	0.48	NA	0.42	0.47	0.47	0.47	0.61	0.48	0.39	0.56	0.52	0.77	0.58	0.49	0.31	0.53	NA	0.48	0.58	0.55	0.64	0.50	0.62	0.55	0.57	0.44	0.50
NM_016234|ACSL5|chr10|+	chr10:114186975-114188151	114187139	0.59	0.63	0.68	0.77	0.55	0.62	0.57	0.77	0.49	0.63	0.64	0.31	0.49	0.36	0.42	0.60	0.53	0.67	NA	0.85	0.51	0.58	0.74	0.58	0.75	0.79	1.00	0.67	0.51	0.61	0.69	0.66	0.72	0.73	0.54	0.81	1.00	0.62	0.71	0.89	0.63	0.65	0.50	NA	0.57	0.64	0.77	0.72	0.68	0.83	0.64	0.78	0.69	0.64	0.59	NA	0.84	0.53	0.91	0.43	0.73	0.61	0.54	0.56	0.59	0.66	0.40	0.36	0.67
NM_005669|REEP5|chr5|-	chr5:112211955-112214532	112214382	0.21	0.15	0.20	0.30	0.19	0.27	0.15	0.26	0.18	0.24	0.32	0.16	0.35	0.15	0.19	0.23	0.21	0.27	0.27	0.85	0.25	0.23	0.33	0.09	0.50	0.46	1.00	0.23	0.24	0.21	0.18	0.19	0.39	0.27	0.14	0.26	0.88	0.40	0.38	0.50	0.15	0.18	0.25	0.93	0.45	0.23	0.25	0.22	0.38	0.24	0.22	0.36	0.31	0.32	0.13	0.35	0.20	0.28	0.88	0.32	0.34	0.27	0.22	0.33	0.21	0.12	0.21	0.16	0.25
NM_015607|CHTOP|chr1|+	chr1:153617539-153618821	153617917	0.54	0.58	0.57	0.57	0.56	0.45	0.36	0.55	0.43	0.37	0.68	0.48	NA	0.41	0.49	0.56	0.70	0.48	0.48	NA	0.42	0.40	0.61	0.49	0.45	NA	NA	0.58	0.69	0.49	0.52	0.62	0.77	0.45	0.45	0.54	NA	0.58	0.51	0.83	0.39	0.58	0.53	NA	0.95	0.57	0.47	0.45	0.70	0.42	0.35	0.43	0.57	0.66	0.73	0.48	0.49	0.48	NA	0.58	0.44	0.43	0.66	0.57	0.54	0.33	0.70	0.49	0.47
NM_020123|TM9SF3|chr10|-	chr10:98277871-98282087	98280488	0.17	0.30	0.13	0.15	0.10	0.13	0.23	0.24	0.09	0.14	0.13	0.07	0.13	0.07	0.14	0.24	0.10	0.16	0.20	0.21	0.11	0.09	0.21	0.10	0.20	0.20	0.32	0.14	0.09	0.12	0.11	0.23	0.23	0.18	0.09	0.21	0.35	0.23	0.21	0.27	0.18	0.09	0.17	0.18	0.28	0.13	0.15	0.18	0.17	0.10	0.09	0.25	0.15	0.16	0.08	0.19	0.19	0.16	0.26	0.16	0.14	0.14	0.11	0.14	0.07	0.25	0.08	0.05	0.20
NM_005885|MARCH6|chr5|+	chr5:10433705-10437971	10434031	0.42	0.28	0.42	0.52	0.41	0.48	0.38	0.50	0.39	0.50	0.38	0.29	0.41	0.25	0.36	0.48	0.44	0.31	0.35	0.72	0.39	0.35	0.52	0.32	0.59	0.57	0.75	0.36	0.38	0.26	0.33	0.41	0.48	0.53	0.47	0.32	0.71	0.47	0.53	0.62	0.34	0.30	0.45	0.55	0.52	0.42	0.40	0.43	0.49	0.50	0.32	0.52	0.44	0.56	0.37	0.49	0.28	0.38	0.50	0.49	0.51	0.47	0.55	0.44	0.48	0.34	0.42	0.32	0.45
NM_001167856|SBNO1|chr12|-	chr12:123773639-123780597	123779134	NA	NA	0.21	0.12	0.08	0.26	0.30	NA	0.11	NA	0.32	NA	NA	NA	0.23	0.24	0.13	0.13	0.28	0.29	0.23	0.17	0.41	0.20	0.40	NA	NA	0.13	0.14	0.14	0.11	NA	0.16	0.30	NA	0.16	NA	0.35	0.38	0.32	NA	0.10	NA	NA	0.17	0.31	0.21	NA	NA	0.25	NA	NA	0.22	NA	NA	0.42	0.17	0.25	NA	0.29	0.26	0.12	0.37	0.22	0.12	NA	0.16	0.08	NA
NM_018981|DNAJC10|chr2|+	chr2:183641847-183645280	183643205	0.23	0.37	0.21	0.24	0.22	0.24	0.36	0.27	0.18	0.27	0.21	0.10	0.17	0.11	0.25	0.34	0.23	0.24	0.26	0.26	0.17	0.25	0.23	0.23	0.40	0.34	0.37	0.20	0.19	0.12	0.16	0.29	0.30	0.28	0.22	0.27	0.31	0.30	0.32	0.34	0.24	0.12	0.24	0.23	0.19	0.22	0.23	0.27	0.30	0.27	0.22	0.38	0.20	0.32	0.20	0.23	0.19	0.24	0.38	0.20	0.19	0.21	0.20	0.18	0.19	0.40	0.23	0.11	0.31
NM_018299|UBE2W|chr8|-	chr8:74699537-74706350	74705377	0.27	0.73	0.35	0.39	0.24	0.32	0.24	0.37	0.27	0.35	0.32	0.27	0.50	0.28	0.38	0.36	0.32	0.38	0.51	0.53	0.26	0.24	0.41	0.33	0.33	NA	0.56	0.28	0.32	0.30	0.31	0.31	0.40	0.35	0.34	0.48	NA	0.33	0.43	0.51	0.35	0.26	0.32	NA	0.28	0.40	0.42	0.43	0.40	0.50	0.29	0.30	0.32	0.41	0.25	0.46	NA	0.36	0.59	0.32	0.37	0.37	0.40	0.31	0.33	0.44	0.30	0.28	0.34
NM_024632|SAP30L|chr5|+	chr5:153835459-153840603	153835656	0.32	0.07	0.25	0.24	0.14	0.30	0.12	0.23	0.29	0.30	0.39	0.12	NA	0.10	0.33	0.23	0.30	0.30	0.25	NA	0.19	0.15	0.39	0.11	0.46	0.35	NA	0.20	0.22	0.18	0.20	0.25	0.14	0.31	0.14	0.15	NA	0.36	0.43	0.47	0.11	0.30	0.21	NA	0.15	0.31	0.29	0.30	0.29	0.16	0.22	0.24	0.33	0.33	0.15	0.27	0.14	0.35	NA	0.25	0.28	0.19	0.22	0.37	0.40	0.11	0.35	0.07	0.32
NM_001146273|TMEM64|chr8|-	chr8:91634224-91638090	91635953	0.35	NA	0.47	0.40	0.23	0.28	0.35	0.46	NA	0.49	0.32	NA	NA	NA	0.35	NA	0.34	0.36	NA	NA	0.23	0.29	0.27	NA	NA	NA	NA	0.27	0.34	0.44	0.45	0.45	NA	0.41	0.30	NA	NA	0.34	0.48	0.47	0.51	0.20	NA	NA	0.39	0.37	0.59	NA	0.32	NA	NA	0.42	0.28	0.40	0.32	0.61	NA	NA	NA	NA	NA	NA	NA	0.26	0.24	NA	0.21	NA	0.29
NM_024594|PANK3|chr5|-	chr5:167975427-167984626	167984098	0.53	NA	0.49	0.57	0.35	0.65	NA	NA	0.59	0.48	0.66	0.49	NA	0.45	0.68	0.63	0.50	0.50	0.59	NA	0.57	0.53	0.78	0.27	0.65	NA	0.78	0.45	0.44	0.42	0.48	0.43	0.68	0.56	0.60	0.43	NA	0.72	NA	0.71	0.43	0.42	0.61	0.89	0.62	0.55	0.49	NA	0.70	0.63	0.51	NA	0.64	0.49	0.46	0.67	NA	0.54	0.79	0.71	0.49	0.58	0.71	0.60	0.41	NA	0.48	0.57	0.65
NM_001112736|FAM208A|chr3|-	chr3:56653718-56657871	56657055	0.52	0.53	0.42	0.40	0.24	0.42	0.49	0.50	0.39	0.35	0.46	0.33	NA	0.34	0.39	0.38	0.30	0.57	0.25	NA	0.35	0.30	0.41	0.52	0.29	0.36	NA	0.29	0.60	0.48	0.43	0.48	0.56	0.64	0.22	0.25	NA	0.42	0.44	0.53	0.34	0.16	0.51	NA	0.56	0.44	0.41	0.41	0.46	0.55	0.26	0.50	0.30	0.44	0.32	0.75	0.47	0.41	NA	0.42	0.36	0.45	0.29	0.51	0.45	0.39	0.36	0.25	0.52
NM_001254748|RGS5|chr1|-	chr1:163112077-163117293	163115732	0.49	0.56	0.51	0.43	0.38	0.54	0.36	0.34	0.45	0.41	0.45	NA	NA	0.39	0.49	0.36	0.63	0.61	0.54	NA	NA	0.27	0.59	0.24	0.52	NA	0.69	0.42	0.35	0.39	0.42	0.40	0.51	0.64	0.35	0.42	NA	NA	0.78	0.70	0.70	0.36	0.29	0.46	NA	0.42	0.25	0.53	0.50	NA	0.41	0.61	0.49	0.57	0.61	NA	0.51	0.69	0.59	0.52	0.50	0.45	0.52	0.55	0.45	0.59	0.39	NA	0.46
NR_033417|GTF2H2B|chr5|+	chr5:69743060-69746168	69743279	0.12	0.22	0.19	0.26	0.13	0.32	0.29	0.36	0.26	0.34	0.35	0.14	0.33	0.10	0.13	0.30	0.17	0.24	0.35	0.43	0.14	0.15	0.38	0.21	0.40	0.22	NA	0.26	0.17	0.15	0.19	0.20	0.22	0.28	0.13	0.46	0.46	0.27	0.26	0.53	0.15	0.24	0.36	NA	0.24	0.31	0.23	0.28	0.44	0.31	0.23	0.31	0.31	0.47	0.16	0.27	0.20	0.24	0.37	0.33	0.23	0.18	0.17	0.28	0.18	0.46	0.21	0.07	0.47
NM_001144968|NEDD4L|chr18|+	chr18:56063398-56068785	56063771	0.18	0.15	0.17	0.17	0.11	0.25	0.15	0.19	0.10	0.21	0.18	0.16	NA	0.08	0.19	0.17	0.20	0.20	0.15	NA	0.19	0.13	0.31	0.11	0.27	0.41	NA	0.19	0.18	0.12	0.12	0.20	0.22	0.29	0.15	0.14	NA	0.41	0.31	0.40	0.13	0.07	0.19	NA	NA	0.20	0.13	0.16	0.35	0.19	0.11	0.20	0.24	0.28	0.13	0.23	0.23	0.13	NA	0.23	0.20	0.14	0.25	0.13	0.18	0.14	0.19	0.09	0.25
NM_001515|GTF2H2|chr5|-	chr5:70328521-70331623	70331404	0.18	0.26	0.13	0.18	0.15	0.13	0.19	0.22	0.21	0.27	0.29	0.09	NA	0.09	0.17	0.31	0.19	0.21	0.23	0.34	0.17	0.16	0.33	0.18	0.38	NA	NA	0.15	0.13	0.12	0.18	0.21	0.26	0.19	0.13	0.24	0.36	0.32	0.34	0.38	0.17	0.13	0.27	NA	0.28	0.15	0.20	0.19	0.21	0.21	0.11	0.21	0.22	0.38	0.10	0.17	0.18	0.15	0.30	0.21	0.12	0.22	0.11	0.17	0.19	0.36	0.15	0.06	0.32
NM_004999|MYO6|chr6|+	chr6:76624529-76629663	76625888	0.11	0.30	0.09	0.20	0.07	0.20	0.17	0.14	0.06	0.11	0.09	NA	NA	0.08	0.16	0.21	0.06	0.11	0.15	0.37	0.06	0.06	0.38	0.05	0.26	0.34	0.72	0.09	0.11	0.10	0.13	0.14	0.21	0.16	0.21	0.15	0.53	0.23	0.16	0.23	0.12	0.08	0.11	0.56	0.12	0.14	0.22	0.09	0.18	0.19	0.07	0.24	0.12	0.20	0.09	0.43	0.10	0.10	0.31	0.16	0.11	0.10	0.20	0.09	0.11	0.08	0.06	0.04	0.20
NM_001256438|CABLES1|chr18|+	chr18:20837190-20840459	20838577	0.33	0.45	0.46	NA	NA	0.50	0.41	0.27	0.15	0.40	0.33	NA	NA	NA	NA	NA	0.44	0.48	NA	NA	NA	NA	0.43	0.27	0.50	0.39	NA	NA	NA	0.29	0.26	0.37	0.43	0.50	0.27	0.44	NA	0.37	0.54	0.46	0.44	NA	NA	NA	NA	0.39	0.41	0.34	0.37	NA	NA	0.46	0.39	0.51	0.39	0.43	0.36	0.36	NA	NA	0.27	NA	0.39	NA	0.37	0.30	0.38	NA	0.46
NM_021940|SMAP1|chr6|+	chr6:71569902-71571710	71570848	0.56	0.61	0.52	0.52	0.32	0.53	0.69	0.54	0.41	0.63	0.41	0.33	NA	0.27	0.50	0.65	0.43	0.63	0.49	NA	0.44	0.50	0.34	0.22	0.68	0.69	NA	0.38	0.56	0.35	0.27	0.47	0.58	0.65	0.35	0.52	NA	NA	0.52	0.92	0.49	0.31	0.54	NA	NA	0.57	0.59	0.63	0.54	0.65	0.41	0.58	0.37	0.68	0.27	0.62	0.48	0.46	NA	NA	0.44	0.58	0.37	0.38	0.41	NA	0.70	0.16	0.52
NM_032682|FOXP1|chr3|-	chr3:71003250-71008542	71005330	0.41	0.81	0.42	0.38	0.38	0.23	0.29	0.36	0.24	0.45	0.26	0.28	NA	0.24	0.29	0.32	0.28	0.48	0.31	NA	0.19	0.22	0.37	0.22	0.22	0.20	0.36	0.39	0.32	0.41	0.39	0.34	0.55	0.57	NA	0.42	NA	0.31	0.39	0.41	0.48	NA	0.31	NA	NA	0.38	0.51	0.69	0.32	0.41	0.36	0.42	0.32	0.48	0.28	0.39	0.52	0.30	NA	NA	0.44	0.41	0.33	0.34	0.25	0.34	0.26	0.30	0.34
NM_001177|ARL1|chr12|-	chr12:101786683-101789448	101789237	0.35	0.35	0.38	0.38	0.30	0.33	0.26	0.45	0.28	0.41	0.50	0.25	0.36	0.29	0.35	0.46	0.38	0.35	0.37	0.41	0.23	0.24	0.37	0.31	0.45	0.43	0.47	0.30	0.29	0.32	0.35	0.38	0.35	0.47	0.43	0.37	0.56	0.31	0.39	0.57	0.36	0.29	0.37	0.52	0.29	0.41	0.35	0.34	0.44	0.44	0.31	0.38	0.40	0.46	0.37	0.29	0.37	0.41	0.44	0.39	0.41	0.40	0.46	0.36	0.41	0.41	0.42	0.32	0.42
NM_001206652|SH3GLB1|chr1|+	chr1:87208810-87213876	87209209	0.29	0.15	0.20	0.30	0.16	0.45	0.27	0.36	0.26	0.27	0.40	0.27	0.42	0.19	0.31	0.40	0.33	0.26	0.27	0.54	0.30	0.20	0.43	0.14	0.48	0.53	0.77	0.26	0.23	0.14	0.23	0.21	0.35	0.30	0.20	0.25	0.67	0.56	0.51	0.47	0.18	0.26	0.31	0.61	0.48	0.33	0.23	0.23	0.37	0.25	0.14	0.37	0.33	0.37	0.27	0.30	0.12	0.31	0.58	0.42	0.19	0.25	0.29	0.34	0.27	0.28	0.32	0.12	0.34
NM_016094|COMMD2|chr3|-	chr3:149456233-149459505	149458940	0.53	0.40	0.63	0.51	0.27	0.44	0.47	0.51	0.38	0.47	0.33	0.25	NA	0.23	0.50	0.38	0.46	0.45	0.36	NA	0.37	0.30	0.47	0.30	0.43	0.45	NA	0.38	0.33	0.37	0.34	0.44	0.61	0.67	0.40	0.38	NA	0.48	0.52	0.65	0.38	0.36	0.43	NA	0.44	0.49	0.43	0.42	0.50	0.49	0.38	0.40	0.57	0.67	0.28	0.64	0.43	0.50	NA	0.51	0.36	0.51	0.39	0.40	0.43	0.41	0.40	0.21	0.45
NM_032582|USP32|chr17|-	chr17:58254542-58256789	58256524	0.44	0.32	0.40	0.58	0.41	0.56	0.45	0.54	0.50	0.49	0.50	NA	0.68	0.33	0.42	0.46	0.38	0.42	0.36	NA	0.45	0.36	0.46	0.64	0.51	NA	NA	0.42	0.38	0.47	0.39	0.59	0.47	0.57	0.39	0.43	NA	NA	0.57	0.50	0.39	0.26	0.49	NA	0.75	0.42	0.44	0.41	0.54	0.44	0.56	0.46	0.60	0.47	0.44	0.65	0.46	0.34	NA	0.50	0.59	0.54	0.66	0.46	0.50	0.67	0.41	0.38	0.48
NM_152388|TMEM237|chr2|-	chr2:202484957-202489045	202488571	0.23	NA	0.13	0.12	0.09	NA	NA	0.19	0.10	NA	0.26	NA	NA	0.08	NA	0.25	NA	0.18	0.32	NA	NA	NA	0.15	0.12	NA	NA	NA	NA	0.11	0.09	0.07	0.17	0.18	0.24	NA	0.22	NA	NA	0.35	0.48	NA	0.21	0.21	NA	0.16	0.18	0.12	0.23	0.25	0.25	0.11	0.19	NA	NA	0.10	0.21	0.13	0.32	NA	NA	0.15	NA	0.15	0.31	0.13	0.15	0.18	0.04	NA
NM_004871|GOSR1|chr17|+	chr17:28849271-28855318	28852602	0.65	0.82	0.76	0.41	0.54	0.43	0.78	0.51	0.36	0.70	0.50	NA	NA	0.33	0.49	0.53	0.40	0.60	0.62	NA	NA	0.42	0.53	0.37	0.61	NA	NA	0.53	0.60	0.61	0.59	0.64	0.75	0.69	0.33	0.74	NA	NA	0.69	0.78	0.75	0.39	0.55	NA	NA	0.53	0.79	0.64	0.45	0.63	0.63	0.80	0.57	0.61	0.64	NA	0.89	0.50	NA	NA	0.63	0.52	0.67	0.47	0.37	NA	0.32	0.48	0.63
NM_005843|STAM2|chr2|-	chr2:152973314-152977316	152975538	0.30	NA	0.52	0.45	0.32	0.38	0.29	0.46	0.30	0.46	0.22	NA	NA	0.22	0.33	NA	0.31	0.36	0.37	NA	0.20	0.17	0.31	0.37	0.28	0.21	0.53	0.25	0.32	0.47	0.48	0.45	0.67	0.55	0.30	0.49	0.67	0.25	0.41	0.43	0.66	0.24	0.21	NA	0.40	0.37	NA	0.48	0.35	0.59	0.32	0.35	0.34	0.43	NA	0.54	0.52	0.40	NA	0.30	0.40	0.45	NA	0.25	0.33	0.64	0.28	0.21	0.29
NM_001122964|SMEK2|chr2|-	chr2:55774277-55777142	55775610	0.31	0.72	0.45	0.39	0.24	0.33	0.32	0.42	0.23	0.42	0.26	0.20	0.24	0.19	0.41	0.40	0.36	0.39	0.41	0.35	0.20	0.26	0.34	0.32	0.43	0.39	0.46	0.28	0.29	0.33	0.25	0.41	0.49	0.43	0.36	0.31	0.57	0.35	0.49	0.53	0.40	0.23	0.38	NA	0.34	0.36	0.44	0.41	0.34	0.51	0.31	0.38	0.33	0.55	0.32	0.44	0.53	0.40	NA	0.28	0.45	0.41	0.32	0.27	0.29	0.43	0.29	0.16	0.40
NM_001071775|MZT1|chr13|-	chr13:73282494-73284483	73283779	0.40	NA	0.74	0.67	0.51	0.61	0.36	0.51	0.50	0.74	0.49	0.38	NA	0.30	0.45	0.61	0.58	0.51	0.66	NA	0.44	0.30	0.49	0.57	0.50	NA	NA	0.37	0.45	0.82	0.64	0.59	0.69	0.74	0.48	0.68	NA	NA	0.43	0.44	NA	0.39	0.28	NA	0.83	0.63	0.79	0.59	0.51	0.77	0.62	0.45	0.54	NA	0.56	0.66	0.70	0.55	NA	NA	0.64	0.69	0.73	0.46	0.57	0.86	0.41	0.49	0.41
NM_000430|PAFAH1B1|chr17|+	chr17:2585022-2588935	2585172	0.66	0.31	0.56	0.69	0.43	0.66	0.43	0.70	0.50	0.59	0.61	0.39	0.71	0.41	0.64	0.64	0.55	0.57	0.53	1.00	0.50	0.57	0.67	0.34	0.69	0.58	1.00	0.60	0.53	0.54	0.46	0.54	0.57	0.73	0.42	0.44	1.00	0.63	0.78	0.76	0.44	0.33	0.64	0.98	0.59	0.63	0.55	0.64	0.73	0.56	0.55	0.63	0.63	0.67	0.38	0.71	0.40	0.62	1.00	0.51	0.63	0.69	0.68	0.58	0.54	0.38	0.51	0.40	0.62
NM_006854|KDELR2|chr7|-	chr7:6500714-6502806	6502586	0.49	0.70	0.49	0.52	0.44	0.50	0.46	0.52	0.43	0.59	0.47	0.32	0.47	0.26	0.36	0.45	0.51	0.56	0.60	0.71	0.45	0.36	0.46	0.40	0.64	0.64	0.92	0.41	0.41	0.43	0.37	0.58	0.57	0.68	0.43	0.50	0.82	0.69	0.63	0.67	0.63	0.34	0.46	0.82	0.66	0.45	0.45	0.51	0.47	0.49	0.40	0.56	0.40	0.61	0.65	0.56	0.64	0.36	0.85	0.40	0.47	0.65	0.44	0.44	0.65	0.84	0.47	0.41	0.48
NM_004041|ARRB1|chr11|-	chr11:74971152-74977318	74976594	0.28	0.16	0.20	0.17	0.20	0.15	0.74	0.22	0.18	0.25	0.29	NA	NA	0.17	0.31	0.21	0.16	0.19	0.55	NA	0.31	0.28	0.57	0.19	0.23	NA	NA	0.35	0.26	0.25	0.31	0.25	0.16	0.39	0.10	0.39	NA	0.60	0.44	0.24	0.20	0.64	0.17	NA	0.24	0.41	0.30	0.24	0.17	0.19	0.24	0.17	0.34	0.26	0.53	NA	0.15	0.25	NA	0.41	0.24	0.12	0.56	0.34	0.40	0.33	0.30	0.24	0.34
NM_001174127|SLC11A2|chr12|-	chr12:51372983-51375586	51375311	0.31	NA	0.50	0.59	0.48	0.36	0.58	0.60	0.44	NA	0.44	0.23	0.51	0.29	0.40	0.47	0.39	0.63	0.75	NA	0.40	0.48	0.51	0.46	0.74	NA	NA	0.50	NA	0.66	0.44	0.55	0.76	0.60	0.43	0.61	NA	0.36	0.67	0.67	0.55	0.35	0.52	NA	0.36	0.54	0.59	0.75	NA	0.69	0.47	0.70	0.44	0.52	0.34	0.80	0.89	0.47	NA	0.26	0.55	NA	0.53	0.43	0.40	0.77	0.36	0.29	0.55
NM_018066|GPN2|chr1|-	chr1:27202631-27206240	27205912	0.09	0.20	0.19	0.23	0.16	0.28	0.20	0.22	0.21	0.22	0.21	NA	NA	0.12	0.24	0.26	0.20	0.13	0.21	NA	NA	0.19	0.36	0.09	0.48	NA	NA	0.18	0.15	0.20	0.13	0.29	0.20	0.32	0.14	0.10	NA	0.37	0.35	0.38	0.20	0.22	0.29	NA	NA	0.23	0.29	0.20	0.27	0.20	0.20	0.36	0.28	0.28	0.12	0.36	0.12	0.22	NA	NA	0.17	0.22	0.29	0.23	0.25	0.19	0.17	0.10	0.33
NM_012412|H2AFV|chr7|-	chr7:44866411-44874161	44873887	0.12	0.04	0.08	0.14	0.09	0.14	0.08	0.17	0.08	0.14	0.19	0.14	0.20	0.09	0.16	0.21	0.12	0.13	0.11	0.18	0.14	0.10	0.29	0.10	0.22	0.28	0.36	0.14	0.07	0.06	0.09	0.11	0.07	0.18	0.13	0.06	0.47	0.32	0.20	0.27	0.08	0.13	0.16	0.27	0.18	0.16	0.10	0.12	0.19	0.10	0.09	0.17	0.15	0.21	0.07	0.06	0.05	0.15	0.34	0.23	0.10	0.13	0.14	0.11	0.14	0.07	0.16	0.07	0.21
NM_002154|HSPA4|chr5|+	chr5:132439924-132442123	132440119	0.24	0.07	0.21	0.19	0.15	0.36	0.18	0.23	0.17	0.27	0.26	0.09	NA	0.10	0.23	0.19	0.35	0.15	0.20	0.24	0.19	0.19	0.30	0.09	0.48	0.45	NA	0.22	0.19	0.13	0.10	0.25	0.23	0.35	0.27	0.09	NA	0.28	0.33	0.53	0.16	0.13	0.21	NA	0.21	0.25	0.27	0.24	0.38	0.27	0.15	0.24	0.25	0.33	0.25	0.30	0.14	0.24	NA	0.26	0.24	0.24	0.23	0.20	0.32	0.23	0.17	0.07	0.31
NM_006454|MXD4|chr4|-	chr4:2247884-2252428	2249248	0.04	0.09	0.05	0.03	0.04	0.02	0.06	0.03	0.03	0.07	0.03	NA	NA	0.03	0.02	0.05	0.03	0.03	0.02	NA	NA	NA	0.03	0.03	0.04	NA	NA	0.04	0.04	0.03	0.03	0.03	0.04	0.05	0.06	0.04	NA	0.03	0.04	0.03	0.04	0.04	0.04	NA	NA	0.04	0.05	0.05	0.07	0.08	0.07	0.04	0.04	0.03	0.03	0.05	0.08	0.03	NA	NA	0.05	0.04	0.05	0.04	0.03	0.04	0.02	0.03	0.04
NM_001695|ATP6V1C1|chr8|+	chr8:104080879-104085319	104081110	0.31	0.34	0.30	0.38	0.32	0.42	0.39	0.37	0.28	0.47	0.42	0.24	0.45	0.26	0.35	0.58	0.31	0.35	0.32	0.54	0.28	0.29	0.44	0.23	0.53	NA	NA	0.38	0.29	0.30	0.26	0.28	0.42	0.51	0.31	0.45	NA	0.36	0.39	0.44	0.29	0.36	0.36	NA	0.23	0.30	0.28	0.31	0.47	0.49	0.31	0.36	0.42	0.35	0.27	0.51	0.38	0.38	0.38	0.33	0.42	0.41	0.33	0.35	0.28	0.41	0.26	0.22	0.40
NR_033721|DNAJC19|chr3|-	chr3:180698319-180702498	180701564	0.01	0.07	0.03	NA	0.02	0.06	0.04	0.04	NA	0.04	0.05	NA	NA	0.02	0.03	0.05	0.07	0.04	0.04	NA	NA	0.03	0.08	0.03	0.04	NA	NA	0.03	0.01	0.05	0.03	0.03	0.06	0.03	0.02	0.03	NA	NA	0.04	0.08	0.03	NA	0.03	NA	NA	0.05	0.02	0.03	0.03	0.02	0.02	0.05	NA	0.05	0.04	0.10	0.03	0.04	NA	NA	0.02	0.04	0.05	0.07	0.02	0.04	0.04	0.03	0.05
NM_152594|SPRED1|chr15|+	chr15:38643214-38649464	38646186	0.56	0.83	0.73	0.56	0.53	0.42	0.66	0.61	0.41	NA	0.44	0.33	0.36	0.36	0.44	0.58	0.35	0.60	NA	0.39	0.30	0.42	0.40	0.37	0.39	0.45	0.47	0.51	0.47	0.57	NA	0.55	0.72	0.67	0.37	NA	0.47	0.47	0.53	0.72	NA	0.26	0.62	0.49	0.38	0.38	0.67	0.60	0.51	0.68	0.55	0.60	0.46	0.67	NA	0.79	NA	0.51	NA	0.37	0.59	0.68	NA	0.37	0.38	NA	0.36	0.50	0.55
NM_001135652|EIF2AK2|chr2|-	chr2:37333525-37334538	37334388	0.55	0.87	0.78	0.63	0.63	0.73	0.65	NA	0.59	0.65	0.69	0.47	0.41	0.58	0.54	0.68	0.52	0.68	0.64	0.37	0.41	0.64	0.64	0.50	0.54	0.59	0.43	0.64	0.57	0.69	0.70	0.61	0.71	0.74	0.60	0.73	0.38	0.38	0.47	0.54	NA	0.54	0.64	NA	0.55	0.76	0.68	0.92	0.70	0.72	0.68	0.54	0.59	NA	NA	0.63	0.87	0.51	0.49	0.44	0.62	0.65	0.69	0.51	0.52	0.76	0.58	0.55	0.70
NM_015251|ATMIN|chr16|+	chr16:81076765-81080955	81078673	0.37	0.55	0.72	0.49	0.59	0.24	0.53	0.42	0.29	0.55	0.46	0.17	NA	0.23	0.49	0.50	0.43	0.53	0.37	NA	0.24	0.30	0.34	0.38	0.50	0.35	0.69	0.56	0.39	0.73	0.42	0.37	0.63	0.59	0.23	0.46	NA	0.41	0.56	0.58	0.59	0.28	0.37	NA	0.31	0.42	0.54	0.45	0.43	0.50	0.36	0.32	0.51	0.67	0.48	0.55	NA	0.37	NA	0.30	0.51	0.49	0.60	0.44	0.50	0.43	0.46	0.48	0.50
NM_004738|VAPB|chr20|+	chr20:57019132-57026249	57020573	0.13	0.09	0.11	0.07	0.04	0.15	0.09	0.14	0.06	0.18	0.16	0.17	NA	0.10	0.21	0.09	0.07	0.12	0.16	NA	0.14	0.08	0.25	0.03	0.25	0.25	0.43	0.07	0.11	0.07	0.07	0.08	0.08	0.12	0.10	0.07	NA	0.39	0.27	0.36	0.06	0.10	0.12	NA	0.17	0.20	0.20	0.15	0.08	0.12	0.10	0.17	0.20	0.10	0.09	0.22	0.09	0.16	NA	0.24	0.10	0.09	0.12	0.10	0.11	0.06	0.07	0.04	0.17
NM_022739|SMURF2|chr17|-	chr17:62538377-62542065	62541556	0.38	0.29	0.34	0.38	0.21	0.43	0.27	0.40	0.24	0.41	0.34	0.19	0.37	0.18	0.37	0.40	0.39	0.38	0.33	NA	NA	0.26	0.57	0.14	0.52	NA	0.77	0.31	0.29	0.22	0.31	0.30	0.52	0.39	0.26	0.28	0.79	0.53	0.49	0.53	0.31	0.22	0.38	0.60	0.31	0.39	0.40	0.36	0.39	0.41	0.33	0.56	0.47	0.44	0.27	0.44	0.34	0.37	0.53	0.37	0.31	0.35	0.44	0.29	0.38	0.31	0.43	0.26	0.44
NM_012095|AP3M1|chr10|-	chr10:75880581-75883668	75881574	0.20	0.39	0.24	0.19	0.16	0.17	0.31	0.16	0.10	0.18	0.13	0.06	NA	0.11	0.15	0.23	0.18	0.26	0.23	NA	0.11	0.13	0.25	0.17	0.23	0.25	NA	0.13	0.21	0.22	0.18	0.21	0.22	0.18	0.14	0.24	NA	0.21	0.16	0.33	0.16	0.11	0.18	NA	NA	0.20	0.25	0.29	0.20	0.23	0.24	0.27	0.17	0.33	0.16	0.33	0.25	0.18	NA	0.12	0.23	0.21	0.14	0.14	0.12	0.29	0.11	0.11	0.21
NM_172128|CAMK2D|chr4|-	chr4:114372073-114375671	114373615	0.33	1.00	0.58	0.34	0.33	0.50	1.00	0.70	0.19	0.74	0.54	NA	NA	0.39	0.44	0.44	0.65	0.61	0.63	NA	0.24	0.46	0.58	0.38	0.65	0.49	0.47	0.42	0.44	0.52	0.42	0.54	1.00	0.58	0.33	0.96	NA	0.32	0.65	0.59	0.60	0.36	0.52	NA	0.27	0.58	0.61	0.54	0.50	0.75	0.34	0.54	0.55	0.94	NA	NA	0.79	0.63	0.53	0.35	0.47	0.34	0.40	0.51	0.41	0.70	NA	0.12	0.80
NM_005482|PIGK|chr1|-	chr1:77554678-77558175	77557664	0.46	NA	0.43	0.56	0.32	0.41	0.58	0.43	0.36	0.64	0.47	NA	NA	0.43	0.52	0.53	0.37	0.52	0.62	NA	0.45	0.43	0.39	0.30	0.54	NA	NA	0.40	0.44	0.37	0.35	0.48	0.46	0.48	0.40	0.42	NA	0.59	0.54	0.64	0.36	0.45	0.65	NA	0.53	0.43	0.38	0.42	0.49	0.55	0.31	0.47	0.51	0.46	0.31	0.45	0.30	0.43	NA	0.45	0.53	0.53	0.40	0.47	0.40	0.54	0.39	0.29	0.53
NM_007348|ATF6|chr1|+	chr1:161928235-161933845	161928649	0.19	0.19	0.17	0.27	0.19	0.28	0.22	0.20	0.30	0.24	0.26	0.16	0.36	0.14	0.25	0.25	0.30	0.21	0.20	NA	0.25	0.22	0.29	0.15	0.40	0.35	NA	0.20	0.17	0.13	0.19	0.22	0.25	0.31	0.18	0.16	NA	0.36	0.31	0.35	0.19	0.21	0.25	NA	0.25	0.31	0.22	0.22	0.44	0.38	0.17	0.37	0.25	0.32	0.26	0.20	0.19	0.20	NA	0.25	0.21	0.19	0.26	0.25	0.34	0.26	0.27	0.15	0.25
NM_005171|ATF1|chr12|+	chr12:51213417-51215033	51214198	0.31	NA	0.65	0.57	0.47	0.39	0.17	0.39	0.29	NA	0.44	0.42	NA	0.25	0.43	0.38	0.42	0.38	0.46	NA	0.30	0.12	0.35	0.57	0.40	0.28	NA	0.22	0.31	0.79	0.44	0.61	0.61	0.57	0.41	0.61	NA	0.40	0.44	0.44	0.67	0.38	0.14	NA	0.72	0.59	0.57	0.72	0.38	0.64	0.55	0.40	0.49	0.49	0.36	0.52	0.77	0.55	NA	NA	0.58	0.48	0.57	0.35	0.48	0.67	0.27	0.33	0.28
NM_001134232|TMEM106B|chr7|+	chr7:12271462-12277829	12272490	0.48	0.30	0.39	0.60	0.45	0.62	0.47	0.54	0.44	0.58	0.60	0.32	0.48	0.33	0.49	0.74	0.37	0.42	0.59	0.85	0.35	0.38	0.69	0.36	0.69	0.58	0.78	0.60	0.50	0.33	0.43	0.57	0.37	0.55	0.51	0.51	0.82	0.57	0.69	0.78	0.41	0.48	0.47	0.75	0.57	0.57	0.43	0.49	0.72	0.54	0.49	0.75	0.66	0.57	0.46	0.59	0.27	0.62	0.64	0.63	0.51	0.54	0.77	0.52	0.41	0.37	0.49	0.33	0.66
NM_007292|ACOX1|chr17|-	chr17:73937603-73942876	73941861	0.29	0.78	0.57	0.42	0.29	0.46	0.52	0.54	0.31	0.61	0.55	0.31	0.43	0.33	0.43	0.46	0.49	0.46	0.60	0.44	0.43	0.40	0.50	0.36	0.54	0.53	0.50	0.54	0.37	0.60	0.40	0.49	0.65	0.78	0.38	0.63	0.48	0.50	0.58	0.66	0.59	0.33	0.53	0.54	0.58	0.57	0.57	0.58	0.61	0.69	0.49	0.50	0.57	0.83	0.42	0.64	0.63	0.52	0.49	0.54	0.61	0.51	0.54	0.43	0.43	0.57	0.47	0.23	0.63
NM_018156|VPS13D|chr1|+	chr1:12568946-12572139	12570344	0.55	0.52	0.46	0.37	NA	0.52	0.48	0.45	NA	0.59	0.42	NA	NA	NA	0.48	0.28	NA	0.34	0.38	NA	NA	NA	0.52	NA	0.50	NA	NA	0.31	0.37	0.29	0.39	0.38	0.43	0.61	NA	0.43	NA	0.48	0.61	0.59	0.45	0.35	NA	NA	NA	0.61	0.44	0.57	0.49	NA	0.37	0.55	0.64	0.65	0.42	0.44	0.43	0.54	NA	NA	0.39	0.35	0.46	0.32	0.40	0.53	0.60	NA	0.62
NM_017902|HIF1AN|chr10|+	chr10:102307849-102314077	102309727	0.24	0.30	0.30	0.36	0.20	0.51	0.53	0.46	0.26	0.56	0.41	0.34	NA	0.31	NA	0.43	0.67	0.29	0.40	NA	0.33	0.35	0.64	0.21	0.61	0.68	NA	0.34	0.45	0.39	0.43	0.44	NA	0.60	0.21	0.33	NA	0.59	0.78	0.56	0.61	0.45	0.36	NA	NA	0.50	0.48	0.58	0.33	0.45	0.46	0.53	0.48	0.48	0.44	0.46	0.30	0.56	NA	0.45	0.42	0.26	0.59	0.48	0.53	NA	0.52	0.24	NA
NM_174871|PSMD12|chr17|-	chr17:65334029-65337168	65336883	0.20	0.20	0.28	0.23	0.18	0.23	0.20	0.30	0.20	0.30	0.24	0.18	0.20	0.13	0.23	0.25	0.23	0.18	0.23	0.37	0.30	0.24	0.25	0.34	0.33	0.40	0.48	0.26	0.17	0.16	0.12	0.38	0.30	0.39	0.24	0.17	0.45	0.36	0.29	0.39	0.16	0.16	0.33	0.60	0.30	0.25	0.21	0.22	0.33	0.29	0.23	0.24	0.26	0.36	0.18	0.27	0.14	0.20	0.47	0.30	0.23	0.24	0.27	0.23	0.22	0.32	0.21	0.12	0.32
NM_015459|ATL3|chr11|-	chr11:63391530-63396877	63396646	0.52	0.21	0.53	0.50	0.52	0.60	0.50	0.53	0.65	0.72	0.64	0.32	0.57	0.28	0.62	0.39	0.62	0.43	0.44	0.72	0.45	0.49	0.53	0.31	0.68	0.53	0.77	0.55	0.36	0.35	0.23	0.54	0.53	0.63	0.43	0.23	0.75	0.52	0.69	0.62	0.49	0.50	0.63	0.82	0.56	0.62	0.48	0.50	0.57	0.52	0.45	0.61	0.58	0.63	0.50	0.43	0.22	0.47	1.00	0.53	0.61	0.52	0.71	0.49	0.58	0.45	0.45	0.42	0.55
NM_020728|ESYT2|chr7|-	chr7:158523633-158526943	158526568	0.68	0.78	0.74	0.65	0.39	0.75	0.74	0.71	0.44	0.74	0.69	0.39	0.81	0.43	0.72	0.79	0.83	0.68	0.68	0.85	0.51	0.53	0.66	0.56	0.75	0.69	0.92	0.59	0.61	0.55	0.53	0.78	0.86	0.81	0.56	0.83	0.91	0.70	0.85	0.91	0.71	0.44	0.73	0.86	0.79	0.63	0.73	0.78	0.78	0.75	0.56	0.84	0.63	0.86	0.49	0.80	0.65	0.65	0.87	0.62	0.61	0.79	0.73	0.61	0.77	0.78	0.64	0.30	0.75
NR_026591|RAD1|chr5|-	chr5:34905233-34909053	34908689	0.19	0.26	0.28	0.28	0.17	0.29	0.22	0.36	0.21	0.28	0.32	0.22	NA	0.21	0.24	0.36	0.29	0.27	0.35	NA	0.25	0.25	0.32	0.22	0.41	NA	NA	0.24	0.21	0.16	0.19	0.28	0.27	0.28	0.33	0.30	NA	0.40	0.36	0.37	0.28	0.22	0.26	NA	0.30	0.39	0.29	0.32	0.30	0.32	0.21	0.33	0.26	0.37	0.24	0.32	0.30	0.25	0.22	0.28	0.23	0.30	0.33	0.26	0.27	0.34	0.30	0.18	0.34
NM_001253771|SYNCRIP|chr6|-	chr6:86315917-86322641	86321032	0.28	0.42	0.23	0.21	0.19	0.28	0.13	0.26	0.19	0.33	0.32	0.29	0.43	0.27	0.31	0.37	0.25	0.34	0.50	0.49	0.22	0.16	0.37	0.18	0.18	0.26	0.48	0.18	0.21	0.19	0.23	0.14	0.41	0.25	0.22	0.24	0.58	0.32	0.22	0.36	0.33	0.17	0.28	0.59	0.38	0.33	0.35	0.35	0.29	0.28	0.16	0.25	0.35	0.21	0.28	0.27	0.40	0.43	0.79	0.46	0.31	0.37	0.38	0.23	0.20	0.23	0.24	0.39	0.24
NM_001178142|TFDP2|chr3|-	chr3:141663294-141671538	141671352	0.17	0.12	0.19	0.29	0.18	0.37	0.14	0.36	0.24	0.23	0.32	0.11	NA	0.11	0.25	0.28	0.26	0.15	0.15	NA	NA	0.16	0.43	NA	0.45	0.38	NA	0.24	0.12	0.15	0.17	0.36	0.15	0.40	0.15	0.09	NA	0.33	0.34	0.44	0.20	0.21	0.25	NA	NA	NA	0.24	0.28	0.28	0.17	0.17	0.38	0.39	NA	0.24	0.24	0.13	0.23	NA	NA	0.22	0.21	0.39	0.24	0.21	0.12	0.18	0.15	0.35
NM_022754|SFXN1|chr5|+	chr5:174953640-174956747	174955499	0.27	0.92	0.28	0.37	0.42	0.25	0.29	0.47	0.28	0.32	0.28	0.22	NA	0.29	0.39	0.32	0.28	0.34	0.35	NA	0.24	0.30	0.44	0.35	0.32	NA	NA	0.48	0.32	0.38	0.36	0.49	0.45	0.41	0.39	0.44	NA	0.39	0.46	0.53	0.33	0.31	0.40	NA	0.31	0.27	0.44	0.54	0.43	0.51	0.35	0.51	0.36	0.31	0.29	0.45	0.77	0.43	NA	NA	0.34	0.41	0.26	0.33	0.25	0.39	0.24	0.21	0.46
NM_004457|ACSL3|chr2|+	chr2:223806214-223809325	223806772	0.26	0.18	0.25	0.28	0.16	0.25	0.20	0.27	0.18	0.28	0.28	0.15	0.33	0.16	0.27	0.28	0.22	0.22	0.21	0.70	0.25	0.25	0.26	0.17	0.18	0.18	0.65	0.15	0.18	0.15	0.14	0.24	0.28	0.24	0.23	0.14	NA	0.31	0.33	0.28	0.13	0.10	0.25	NA	0.26	0.20	0.21	0.26	0.34	0.35	0.17	0.23	0.24	0.20	0.14	0.19	0.17	0.17	NA	0.21	0.18	0.23	0.29	0.18	0.22	0.23	0.20	0.22	0.25
NM_001142389|PNPLA4|chrX|-	chrX:7866806-7868858	7868708	NA	0.16	0.17	NA	0.27	NA	0.15	0.29	NA	0.19	NA	NA	NA	NA	0.20	0.33	NA	0.25	0.13	NA	NA	NA	NA	0.09	0.56	NA	NA	0.26	0.15	0.26	NA	0.19	0.23	0.35	0.21	0.17	NA	0.21	0.36	0.53	0.21	NA	0.23	NA	0.09	0.20	NA	0.26	NA	0.22	0.21	0.36	0.35	0.37	0.12	0.14	0.21	0.31	NA	NA	0.28	0.23	NA	NA	0.18	0.10	0.23	NA	0.43
NM_014781|RB1CC1|chr8|-	chr8:53534605-53536419	53535521	0.19	0.45	0.32	0.20	0.25	0.23	0.24	0.31	0.14	0.32	0.12	NA	NA	0.21	0.20	0.17	0.27	0.22	0.25	NA	0.12	0.13	0.22	0.30	0.19	NA	0.28	0.25	0.17	0.28	0.24	0.39	0.41	0.30	0.38	0.29	0.34	0.17	0.26	0.38	0.41	0.18	0.16	NA	0.18	0.19	0.33	0.31	0.17	0.37	0.18	0.23	0.30	0.28	0.21	0.30	0.29	0.28	0.27	0.14	0.26	0.32	0.38	0.24	0.23	0.57	0.28	0.17	0.26
NM_003463|PTP4A1|chr6|+	chr6:64289961-64293492	64291320	0.35	0.38	0.46	0.39	0.37	0.32	0.27	0.39	0.25	0.44	0.40	0.27	0.39	0.24	0.45	0.35	0.28	0.48	0.43	0.66	0.28	0.24	0.45	0.28	0.48	0.50	0.77	0.36	0.32	0.33	0.26	0.33	0.54	0.57	0.23	0.52	0.75	0.42	0.44	0.50	0.46	0.30	0.28	0.72	0.40	0.38	0.42	0.50	0.49	0.36	0.36	0.29	0.40	0.49	0.24	0.46	0.30	0.46	0.78	0.39	0.51	0.50	0.39	0.31	0.33	0.35	0.30	0.17	0.54
NM_017988|SCYL2|chr12|+	chr12:100732305-100735564	100733793	0.38	0.80	0.56	0.45	0.43	0.39	0.38	0.49	0.27	0.48	0.36	0.26	0.37	0.24	0.38	0.42	0.39	0.43	0.41	0.88	0.35	0.24	0.31	0.46	0.30	0.26	0.71	0.31	0.42	0.49	0.32	0.52	0.77	0.53	0.50	0.71	0.79	0.39	0.44	0.50	0.65	0.29	0.33	NA	0.62	0.40	0.58	0.60	0.41	0.80	0.34	0.43	0.36	0.56	0.29	0.68	0.64	0.43	0.53	0.43	0.31	0.50	0.45	0.33	0.41	0.60	0.36	0.22	0.39
NM_002936|RNASEH1|chr2|-	chr2:3589001-3593461	3593242	0.34	0.18	0.28	0.43	0.29	0.49	0.41	0.44	0.35	0.45	0.46	0.19	NA	0.19	0.32	0.37	0.43	0.36	0.37	NA	0.31	0.33	0.40	0.24	0.61	NA	NA	0.38	0.23	0.22	0.29	0.38	0.29	0.55	0.27	0.20	NA	0.45	0.50	0.53	0.29	0.30	0.41	NA	0.38	0.46	0.34	0.37	0.48	0.28	0.26	0.49	0.39	0.36	0.24	0.47	0.22	0.30	NA	0.39	0.32	0.32	0.50	0.44	0.38	0.35	0.23	0.16	0.41
NM_003818|CDS2|chr20|+	chr20:5170747-5178526	5170966	0.12	0.08	0.13	0.14	0.09	0.19	0.13	0.15	0.15	0.19	0.20	0.11	NA	0.10	0.19	0.16	0.21	0.12	0.18	NA	0.18	0.14	0.21	0.08	0.23	0.24	NA	0.10	0.14	0.10	0.13	0.13	0.19	0.29	0.07	0.09	NA	0.37	0.29	0.29	0.18	0.17	0.14	NA	0.15	0.23	0.14	0.16	0.14	0.14	0.15	0.18	0.17	0.19	0.14	0.19	0.12	0.18	NA	0.23	0.15	0.13	0.21	0.20	0.19	0.10	0.13	0.10	0.19
NM_004330|BNIP2|chr15|-	chr15:59950628-59956319	59955124	0.41	0.27	0.35	0.25	0.18	0.30	0.48	0.39	0.25	0.76	0.34	0.24	0.42	0.20	0.35	0.38	0.30	0.29	0.27	0.32	0.31	0.30	0.29	0.27	0.35	0.40	0.44	0.29	0.29	0.20	0.23	0.36	0.41	0.37	0.19	0.23	0.52	0.52	0.42	0.51	0.25	0.28	0.51	0.70	0.34	0.36	0.24	0.40	0.24	0.20	0.30	0.39	0.26	0.48	0.28	0.50	0.23	0.39	0.60	0.44	0.30	0.30	0.31	0.28	0.27	NA	0.64	0.14	0.31
NM_004239|TRIP11|chr14|-	chr14:92432334-92436237	92435936	0.28	0.18	0.23	0.29	0.26	0.33	0.23	NA	0.25	0.29	0.33	NA	NA	0.17	0.26	0.36	0.36	0.26	0.25	NA	NA	0.24	0.42	0.37	0.28	NA	NA	NA	0.28	0.21	0.24	0.42	0.34	0.42	0.38	0.22	NA	NA	0.42	0.39	0.30	0.18	0.31	NA	NA	0.45	NA	0.30	0.35	0.35	0.24	NA	0.33	0.37	NA	0.33	0.21	0.27	NA	NA	0.32	NA	NA	0.33	0.34	0.38	0.32	0.28	0.33
NM_005801|EIF1|chr17|+	chr17:39847033-39847925	39847231	0.35	0.43	0.35	0.45	0.35	0.41	0.43	0.43	0.41	0.42	0.47	0.37	0.30	0.29	0.34	0.54	0.35	0.42	0.61	0.47	0.51	0.45	0.52	0.39	0.55	0.64	0.56	0.41	0.39	0.37	0.31	0.33	0.56	0.39	0.55	0.46	0.59	0.55	0.45	0.57	0.40	0.43	0.53	0.61	0.68	0.49	0.40	0.51	0.48	0.41	0.40	0.50	0.45	0.38	0.38	0.43	0.43	0.43	0.48	0.48	0.45	0.37	0.47	0.50	0.42	0.47	0.38	0.38	0.47
NM_001142416|AIMP1|chr4|+	chr4:107268682-107270376	107268880	0.27	0.38	0.30	0.39	0.26	0.33	0.37	0.37	0.42	0.25	0.39	0.18	NA	0.17	0.27	0.44	0.43	0.22	0.46	NA	0.43	0.37	0.44	0.35	0.43	0.41	NA	0.31	0.31	0.30	0.33	0.27	0.34	0.33	0.33	0.31	NA	0.46	0.48	0.36	0.35	0.21	0.31	NA	0.40	0.34	0.38	0.38	0.41	0.43	0.42	0.35	0.30	0.40	0.40	0.36	0.40	0.29	NA	0.26	0.35	0.35	0.37	0.31	0.26	0.47	0.30	0.24	0.38
NM_017944|USP47|chr11|+	chr11:11977547-11982450	11978261	0.37	0.14	0.16	0.21	0.13	0.13	0.15	0.26	0.20	0.16	0.18	NA	NA	0.11	0.31	0.18	0.16	0.21	0.16	NA	NA	0.13	0.21	0.17	0.22	0.19	0.44	0.14	0.19	0.13	0.10	0.27	0.19	0.20	0.14	0.12	0.37	0.18	0.19	0.44	0.12	0.19	0.29	NA	0.35	0.16	0.14	0.27	0.17	0.18	0.13	0.17	0.12	0.18	0.10	0.12	0.15	0.23	NA	0.20	0.14	0.19	0.14	0.17	0.15	0.16	0.14	0.11	0.19
NM_017872|THG1L|chr5|+	chr5:157166328-157168441	157166632	0.25	0.16	0.18	0.21	0.26	NA	0.21	0.26	0.17	0.19	NA	NA	NA	0.19	NA	NA	0.10	0.24	0.35	NA	NA	0.22	NA	0.19	0.31	NA	NA	0.25	0.16	0.23	NA	0.18	0.16	0.21	0.36	0.43	NA	0.19	0.17	0.35	0.21	NA	0.20	NA	0.16	0.25	0.25	NA	0.19	0.12	0.13	0.27	0.29	0.25	0.16	0.32	0.14	0.25	NA	NA	0.30	0.22	0.26	NA	0.29	0.13	0.31	0.17	0.26
NM_001165|BIRC3|chr11|+	chr11:102207639-102210096	102208431	0.23	0.25	0.24	0.23	0.25	0.21	0.25	0.24	0.13	0.22	NA	0.21	0.21	0.20	0.23	NA	0.22	0.29	NA	0.35	0.21	0.23	0.42	0.17	0.32	NA	0.42	0.30	0.20	0.23	0.21	0.20	0.31	0.31	0.19	0.36	0.52	0.35	0.29	0.28	0.24	0.33	0.20	NA	0.19	0.24	0.24	0.28	0.31	0.25	0.19	0.26	0.34	0.31	0.20	NA	0.19	0.28	0.52	0.34	0.28	0.25	0.30	0.36	0.24	NA	0.26	NA	0.41
NM_178014|TUBB|chr6|+	chr6:30691116-30693350	30692331	0.61	0.88	0.82	0.73	0.58	0.69	0.90	0.61	0.59	0.74	0.68	0.40	0.91	0.53	0.76	0.36	0.51	0.67	0.49	0.98	0.42	0.59	0.52	0.46	0.53	0.44	1.00	0.77	0.77	0.87	0.51	0.66	0.95	0.70	0.52	0.60	0.99	0.49	0.74	0.75	0.66	0.60	0.74	1.00	0.70	0.58	0.46	0.86	0.71	0.83	0.57	0.66	0.59	0.77	0.60	0.96	0.93	0.70	NA	0.43	0.66	0.58	0.64	0.51	0.65	0.45	0.71	0.25	0.76
NM_001199917|PGM3|chr6|-	chr6:83872953-83879042	83876471	0.51	0.69	0.65	0.37	0.28	0.55	0.56	NA	0.30	0.57	0.59	NA	NA	0.33	NA	0.51	NA	0.50	0.58	0.34	0.31	0.36	0.47	0.44	0.52	0.53	0.45	0.44	0.44	0.45	0.37	NA	NA	0.52	0.37	0.60	NA	NA	NA	NA	NA	0.40	0.49	NA	0.44	NA	0.56	NA	0.44	0.53	0.41	0.49	0.49	NA	0.45	0.62	NA	NA	NA	NA	NA	0.53	0.50	NA	0.47	NA	0.48	0.35	0.58
NM_020132|AGPAT3|chr21|+	chr21:45402184-45407033	45404528	0.52	0.69	0.75	0.44	0.57	0.37	0.57	0.32	0.40	0.85	0.48	NA	NA	0.48	0.58	0.21	0.39	0.54	0.72	NA	0.35	0.50	0.60	0.31	0.60	NA	NA	0.65	0.49	0.58	0.40	0.58	0.54	0.57	0.58	0.44	NA	0.35	0.44	0.65	0.34	0.51	0.47	NA	NA	0.51	0.73	0.43	0.51	0.78	0.51	0.61	0.73	0.54	0.78	0.37	0.62	0.44	NA	NA	0.58	0.19	0.62	0.49	0.57	0.66	0.73	0.63	0.62
NM_005124|NUP153|chr6|-	chr6:17615161-17616412	17615754	0.37	1.00	0.85	0.73	0.53	0.75	0.48	0.71	0.54	0.80	0.48	0.40	NA	0.43	0.58	0.52	0.48	0.44	0.56	NA	NA	0.23	0.43	0.81	0.47	0.42	NA	0.40	0.50	0.85	0.92	0.85	0.64	0.88	0.55	0.63	NA	NA	0.60	0.62	0.94	0.53	0.33	NA	NA	0.80	0.88	0.69	0.43	0.89	0.76	0.51	0.75	0.57	0.51	0.97	1.00	0.62	NA	NA	0.76	0.82	0.83	0.37	0.58	0.98	0.37	0.53	0.50
NM_001199261|UCHL5|chr1|-	chr1:192981169-192985525	192984654	0.21	NA	0.19	0.21	0.10	0.23	0.26	0.24	0.10	0.32	0.24	NA	NA	0.13	0.24	0.45	0.25	0.27	0.28	NA	0.26	0.23	0.26	0.10	0.31	NA	NA	0.21	0.17	0.12	0.18	0.18	0.35	0.25	0.23	0.28	NA	NA	0.30	0.39	0.15	0.13	0.26	NA	0.38	0.19	0.24	0.19	0.25	0.27	0.17	0.28	0.22	0.27	0.17	0.22	0.14	0.21	NA	0.32	0.14	0.28	0.19	0.19	0.19	0.27	0.24	0.12	0.30
NM_006775|QKI|chr6|+	chr6:163991725-163999706	163994790	0.10	0.13	0.11	0.08	0.04	0.06	0.09	0.07	0.04	0.06	0.07	0.05	0.20	0.06	0.08	0.11	0.05	0.10	0.04	0.39	0.10	0.08	0.15	0.06	0.08	NA	0.34	0.09	0.05	0.09	0.06	0.12	0.12	0.08	0.06	NA	0.37	0.09	0.09	0.11	0.16	0.05	0.07	0.22	0.07	0.07	0.10	0.12	0.06	0.05	0.06	0.06	0.08	0.06	0.08	0.03	0.14	0.07	0.30	0.09	0.09	0.07	0.13	0.07	0.05	NA	0.06	0.01	0.15
NM_153188|TNPO1|chr5|+	chr5:72204535-72210471	72206044	0.63	0.69	0.54	0.74	0.53	0.78	0.46	0.81	0.63	0.60	0.64	0.53	0.72	0.51	0.70	0.49	0.61	0.52	0.48	0.78	0.62	0.47	0.75	0.61	0.67	0.56	0.83	0.73	0.53	0.62	0.45	0.82	0.75	0.64	0.55	0.54	0.87	0.68	0.82	0.84	0.56	0.45	0.69	0.63	0.80	0.78	0.56	0.63	0.74	0.79	0.55	0.71	0.69	0.46	0.56	0.74	0.57	0.71	0.79	0.76	0.77	0.54	0.85	0.67	0.52	0.56	0.51	0.42	0.86
NR_037951|C1QTNF3-AMACR|chr5|-	chr5:33986796-33989607	33988786	0.44	0.87	0.47	0.51	0.52	0.44	0.55	0.59	NA	0.46	0.52	NA	NA	0.41	0.49	0.70	0.58	0.60	0.60	NA	0.36	0.46	0.50	0.51	0.68	0.51	NA	0.49	0.47	0.40	0.34	0.53	0.81	0.59	0.36	0.60	NA	0.54	0.68	0.65	0.65	0.37	0.58	NA	0.49	0.47	0.52	0.53	0.51	NA	0.38	0.55	0.52	0.66	0.59	0.52	0.56	0.47	NA	0.46	0.41	0.47	NA	0.53	0.49	0.81	0.56	0.35	0.61
NM_006380|APPBP2|chr17|-	chr17:58520499-58525195	58522878	0.35	NA	0.38	0.36	0.31	0.40	0.41	0.44	0.36	NA	0.42	NA	NA	0.24	0.36	0.38	0.33	0.35	0.42	NA	NA	0.31	0.57	0.26	0.48	NA	NA	0.42	0.37	0.29	0.32	0.42	0.60	NA	0.33	0.40	NA	0.44	0.56	0.56	0.33	0.31	0.37	NA	0.36	0.45	0.43	0.40	0.44	0.48	0.43	0.48	0.59	0.54	0.48	NA	NA	0.35	NA	0.30	0.39	0.39	0.48	0.39	0.34	0.57	0.36	0.33	0.48
NM_025181|SLC35F5|chr2|-	chr2:114464288-114472772	114472114	0.10	0.27	0.23	0.22	0.09	0.42	0.28	0.31	0.17	0.38	0.29	0.31	0.45	0.17	0.23	0.33	0.24	0.19	0.50	0.43	0.38	0.26	0.38	0.14	0.40	0.49	0.42	0.20	0.16	0.21	0.15	0.18	0.33	0.32	0.25	0.30	0.50	0.56	0.34	0.42	0.20	0.21	0.24	0.52	0.40	0.24	0.23	0.28	0.33	0.32	0.19	0.25	0.22	0.32	0.21	0.27	0.15	0.22	0.40	0.39	0.18	0.25	0.23	0.32	0.24	0.36	0.24	0.14	0.35
NM_017653|DYM|chr18|-	chr18:46567853-46570574	46570212	0.25	0.20	0.24	0.25	0.25	0.41	0.34	0.35	0.22	0.30	0.33	NA	NA	0.18	0.28	0.22	0.40	0.27	0.28	NA	NA	0.23	0.38	0.20	0.60	NA	NA	0.25	0.24	0.20	0.24	0.26	0.37	0.39	0.22	0.33	NA	0.41	0.47	0.52	0.25	0.33	0.21	NA	NA	0.33	0.32	0.38	0.35	0.33	0.25	0.33	0.33	0.32	0.29	0.26	0.22	0.32	NA	NA	0.31	0.34	0.27	0.39	0.27	0.44	0.25	0.13	0.39
NM_178335|CCDC50|chr3|+	chr3:191109529-191116461	191109920	0.25	0.20	0.18	0.20	0.25	0.18	0.18	0.20	0.27	0.14	0.28	0.12	0.22	0.13	0.29	0.26	0.20	0.20	0.25	0.30	0.18	0.17	0.34	0.14	0.27	0.22	0.39	0.20	0.13	0.15	0.20	0.14	0.27	0.22	0.20	0.17	0.47	0.25	0.26	0.28	0.22	0.32	0.22	0.38	0.18	0.18	0.20	0.30	0.20	0.11	0.23	0.21	0.24	0.30	0.17	0.19	0.19	0.27	0.48	0.31	0.18	0.18	0.19	0.32	0.18	0.13	0.14	0.11	0.28
NM_003342|UBE2G1|chr17|-	chr17:4172537-4175811	4174809	0.32	0.21	0.33	0.35	0.25	0.27	0.22	0.26	0.22	0.40	0.34	NA	0.33	0.30	0.37	0.38	0.26	0.29	0.32	0.24	NA	0.31	0.40	0.26	0.27	0.34	0.30	0.33	0.38	0.26	0.29	0.25	0.25	0.44	0.36	0.28	0.37	0.36	0.33	0.29	0.33	0.25	0.29	0.32	0.24	0.35	0.37	0.42	0.42	0.44	0.33	0.33	0.37	0.36	0.24	0.27	0.17	0.31	0.28	0.44	0.39	0.37	0.38	0.33	0.29	0.36	0.30	0.36	0.39
NM_003118|SPARC|chr5|-	chr5:151041006-151043160	151042081	0.16	0.33	0.21	0.20	0.18	0.15	0.24	0.28	0.21	0.13	0.14	0.14	0.25	0.13	0.18	0.22	0.21	0.21	0.15	0.39	0.14	0.13	0.27	0.13	0.28	0.27	0.80	0.16	0.14	0.19	0.16	0.21	0.29	0.25	0.12	0.23	0.88	0.43	0.39	0.45	0.28	0.14	0.19	0.47	0.26	0.16	0.18	0.27	0.16	0.19	0.19	0.20	0.19	0.31	0.18	0.09	0.27	0.28	0.99	0.30	0.19	0.19	0.17	0.19	0.21	0.39	0.14	0.15	0.14
NM_019009|TOLLIP|chr11|-	chr11:1294280-1298483	1297932	0.39	0.34	0.40	0.39	0.41	0.41	0.60	0.37	0.36	0.52	0.35	0.23	NA	0.27	0.40	0.40	0.46	0.30	0.37	NA	0.36	0.45	0.43	0.29	0.55	0.43	NA	0.38	0.31	0.28	0.22	0.46	0.56	0.40	0.46	0.33	NA	0.40	0.44	0.53	0.36	0.28	0.52	NA	0.48	0.37	0.31	0.43	0.53	0.46	0.32	0.46	0.38	0.49	0.39	0.32	0.24	0.39	NA	0.35	0.33	0.33	0.31	0.44	0.56	0.62	0.41	0.33	0.41
NM_020662|MRS2|chr6|+	chr6:24423811-24426636	24424442	0.29	0.51	0.38	0.37	0.32	0.42	0.58	0.52	0.32	0.67	0.34	NA	NA	0.24	0.48	0.30	0.47	NA	0.38	NA	0.29	0.43	0.43	0.29	0.56	NA	NA	0.42	0.38	0.34	0.24	0.47	0.51	0.56	0.48	0.50	NA	NA	0.62	0.61	0.37	0.36	0.35	NA	NA	0.41	0.45	0.35	0.44	0.50	0.36	0.50	0.37	0.60	0.35	0.48	0.38	0.37	NA	0.24	0.33	0.53	0.33	0.42	0.41	0.58	0.24	0.12	0.55
NM_004849|ATG5|chr6|-	chr6:106631128-106634551	106633950	0.21	0.42	0.21	0.21	0.19	0.20	0.24	0.24	0.17	0.22	0.16	0.13	NA	0.13	0.23	0.23	0.33	0.26	0.19	NA	0.20	0.18	0.19	0.18	0.24	0.26	0.69	0.13	0.15	0.16	0.12	0.23	0.35	0.27	0.14	0.21	NA	0.30	0.34	0.37	0.24	0.13	0.21	NA	0.28	0.19	0.19	0.24	0.28	0.32	0.15	0.28	0.14	0.29	0.17	0.19	0.24	0.21	NA	0.19	0.22	0.27	0.18	0.19	0.22	0.39	0.21	0.11	0.22
NM_003729|RTCA|chr1|+	chr1:100756958-100758471	100757274	0.25	0.54	0.31	0.26	0.19	0.30	0.41	0.51	0.19	0.36	0.41	NA	NA	0.20	0.24	0.32	0.35	0.27	0.55	0.15	0.26	0.32	0.48	0.39	0.52	NA	0.22	0.36	0.21	0.22	0.15	0.31	0.30	0.33	0.39	0.51	NA	0.41	0.37	0.47	0.28	0.28	0.39	NA	0.31	0.33	0.34	0.36	0.41	0.33	0.30	0.36	0.30	0.55	0.27	0.31	0.34	0.28	NA	0.25	0.27	0.38	0.30	0.32	0.24	0.40	0.31	0.13	0.37
NM_001040445|ASB1|chr2|+	chr2:239355024-239360910	239355339	0.20	0.11	0.18	0.21	NA	0.39	0.21	NA	0.18	0.36	NA	NA	NA	0.14	NA	0.23	0.25	0.15	0.39	NA	NA	0.25	0.67	0.06	0.36	NA	NA	0.14	0.13	0.21	0.12	NA	0.17	0.45	0.12	0.08	NA	0.53	0.61	0.51	0.18	0.23	0.32	NA	NA	0.50	NA	0.42	NA	0.22	NA	NA	0.29	NA	0.12	0.39	0.12	0.30	NA	NA	0.31	0.17	0.46	0.27	0.25	0.13	0.28	0.09	0.35
NM_001185127|VAMP4|chr1|-	chr1:171669171-171673674	171673084	0.37	0.41	0.36	0.48	0.32	0.44	0.33	0.57	0.29	0.34	0.47	NA	NA	0.27	0.41	NA	0.36	0.43	0.70	NA	NA	0.39	0.56	0.33	0.47	NA	NA	0.40	NA	0.40	0.37	0.44	0.55	NA	0.33	NA	NA	NA	0.60	NA	0.35	0.43	0.43	NA	0.69	0.35	0.40	NA	0.36	NA	NA	NA	NA	NA	0.33	0.51	NA	0.51	NA	NA	0.40	NA	NA	0.49	0.37	0.43	NA	NA	0.49
NM_005339|UBE2K|chr4|+	chr4:39779979-39784433	39780234	0.28	0.23	0.28	0.42	0.25	0.43	0.19	0.36	0.33	0.34	0.39	0.29	0.35	0.20	0.35	0.57	0.42	0.30	0.35	0.64	0.49	0.27	0.50	0.29	0.52	0.48	0.76	0.34	0.25	0.23	0.29	0.32	0.39	0.39	0.40	0.27	0.76	0.53	0.45	0.41	0.30	0.34	0.32	0.58	0.56	0.47	0.37	0.37	0.48	0.45	0.26	0.48	0.36	0.44	0.27	0.44	0.26	0.40	0.49	0.47	0.36	0.36	0.38	0.36	0.32	0.29	0.28	0.18	0.39
NM_002293|LAMC1|chr1|+	chr1:183111668-183114742	183111959	0.63	0.43	0.39	0.74	0.47	0.52	0.33	0.62	0.62	0.49	0.73	0.32	0.53	0.40	0.48	0.63	0.39	0.60	0.59	0.71	0.36	0.44	0.67	0.42	0.72	0.57	0.91	0.55	0.53	0.48	0.63	0.66	0.66	0.63	0.34	0.46	0.76	0.45	0.61	0.67	0.43	0.50	0.59	NA	0.40	0.56	0.61	0.54	0.64	0.54	0.33	0.59	0.53	0.50	0.55	0.53	0.52	0.47	NA	0.35	0.58	0.53	0.68	0.41	0.47	0.53	0.45	0.46	0.58
NM_001033503|SAR1B|chr5|-	chr5:133936821-133942756	133942324	0.15	0.21	0.17	0.18	0.10	0.18	0.18	0.19	0.16	0.27	0.29	0.22	0.42	0.14	0.18	0.30	0.23	0.21	0.17	0.41	0.21	0.15	0.28	0.09	0.34	0.42	0.60	0.17	0.16	0.16	0.17	0.13	0.23	0.26	0.09	0.20	0.63	0.38	0.29	0.34	0.26	0.17	0.15	0.58	0.27	0.24	0.18	0.24	0.20	0.15	0.23	0.33	0.28	0.32	0.16	0.23	0.16	0.24	0.56	0.35	0.20	0.18	0.21	0.24	0.19	0.19	0.17	0.10	0.29
NM_177969|PPM1B|chr2|+	chr2:44457551-44459453	44458577	0.04	0.03	0.08	0.07	0.03	0.08	NA	NA	0.04	0.04	0.04	NA	NA	0.03	NA	NA	0.05	0.07	0.03	NA	0.12	0.03	0.07	0.04	0.04	NA	NA	0.05	0.04	0.04	0.03	NA	0.04	0.03	NA	0.03	NA	NA	0.06	0.05	0.05	0.04	NA	NA	NA	NA	0.04	0.06	0.06	0.05	0.06	0.08	0.05	0.05	0.03	0.08	0.05	0.08	NA	NA	0.04	0.06	0.08	0.03	0.04	0.03	NA	0.04	0.04
NM_018246|CCDC25|chr8|-	chr8:27590839-27593762	27592650	0.62	NA	0.44	0.36	0.36	0.44	0.52	0.55	0.35	0.52	0.44	NA	NA	0.36	0.46	0.38	0.44	0.53	0.31	NA	NA	0.46	0.39	NA	0.62	NA	NA	0.61	0.33	0.38	0.31	0.55	0.41	0.46	NA	0.40	NA	0.47	0.52	0.71	0.34	0.40	0.47	NA	NA	0.49	0.50	0.42	0.45	NA	0.36	0.46	0.42	0.56	0.40	NA	0.40	0.54	NA	NA	0.52	0.41	0.43	0.46	0.37	NA	0.34	0.14	0.52
NM_174921|C4orf34|chr4|-	chr4:39548376-39553778	39553131	0.50	0.42	0.53	0.56	0.43	0.56	0.55	0.56	0.40	0.62	0.58	0.38	0.33	0.38	0.56	0.67	0.47	0.58	0.69	NA	0.40	0.56	0.64	0.30	0.72	0.58	0.48	0.50	0.52	0.37	0.37	0.45	0.59	0.66	0.35	0.55	0.49	0.59	0.72	0.79	0.56	0.51	0.58	0.51	0.51	0.55	0.53	0.60	0.62	0.45	0.55	0.66	0.59	0.66	0.53	0.46	0.57	0.51	0.47	0.50	0.54	0.59	0.47	0.51	0.48	0.60	0.56	0.22	0.65
NM_006197|PCM1|chr8|+	chr8:17885145-17887449	17885295	0.27	0.24	0.16	0.16	0.10	0.21	0.14	0.31	0.21	0.18	0.22	NA	NA	0.12	0.22	0.19	0.28	0.19	0.16	NA	NA	0.13	0.33	NA	0.41	NA	0.43	0.23	0.16	0.10	0.16	0.30	0.26	0.26	0.34	0.12	0.52	0.26	0.32	0.37	0.12	0.12	0.27	NA	0.25	0.24	0.24	0.18	0.33	NA	0.13	0.26	0.15	0.25	0.15	0.22	0.20	0.28	NA	0.31	0.20	0.19	0.17	0.25	0.14	0.23	0.11	0.08	0.30
NM_173517|VKORC1L1|chr7|+	chr7:65419060-65424573	65419639	0.72	0.38	0.51	0.62	0.42	0.67	0.45	0.54	0.43	0.67	0.78	0.59	NA	0.47	0.65	0.80	0.67	0.55	0.68	NA	0.54	0.45	0.73	0.33	0.66	0.65	0.79	0.41	0.60	0.42	0.47	0.49	0.71	0.79	0.61	0.50	NA	0.85	0.80	0.77	0.53	0.51	0.53	0.64	0.98	0.58	0.75	0.71	0.65	0.69	0.54	0.64	0.56	0.75	0.60	0.64	0.29	0.66	0.70	0.86	0.58	0.50	0.65	0.55	0.64	0.59	0.59	0.51	0.81
