event_id	loci	Proximal_Site	TCGA-DI-A2QU-01A-11R-A18M-07	TCGA-AX-A2HC-01A-11R-A17B-07	TCGA-E6-A1M0-01A-11R-A144-07	TCGA-AX-A2HD-01A-21R-A17B-07	TCGA-AX-A1CK-01A-11R-A137-07	TCGA-AX-A2HA-01A-12R-A18M-07	TCGA-AX-A1CI-01A-11R-A137-07	TCGA-BK-A0CB-01A-32R-A104-07	TCGA-BG-A2AD-01A-21R-A16F-07	TCGA-AX-A0J0-01A-11R-A109-07	TCGA-AJ-A3NH-01A-11R-A22K-07	TCGA-BK-A4ZD-01A-11R-A27V-07	TCGA-AX-A1CF-01A-11R-A137-07	TCGA-DI-A2QY-01A-12R-A19W-07	TCGA-AJ-A3NC-01A-11R-A22K-07	TCGA-BG-A3EW-01A-11R-A22K-07	TCGA-AJ-A3NE-01A-11R-A22K-07	TCGA-BK-A13C-01A-11R-A118-07	TCGA-AX-A2H8-01A-11R-A17B-07	TCGA-AX-A05Y-01A-11R-A00V-07	TCGA-AX-A0IZ-01A-11R-A118-07	TCGA-BG-A3PP-01A-11R-A22K-07	TCGA-AJ-A2QL-01A-11R-A18M-07
NM_015045|WAPAL|chr10|-	chr10:88195005-88197365	88196822	0.41	0.54	0.66	0.42	0.31	0.40	0.56	0.29	0.41	0.42	0.62	0.69	0.28	0.29	0.67	0.50	0.62	0.61	0.54	NA	0.46	0.39	0.60
NM_005443|PAPSS1|chr4|-	chr4:108534818-108535543	108535205	0.82	0.44	0.50	0.39	0.79	0.92	1.00	0.41	0.53	0.41	0.72	0.58	0.29	1.00	0.93	0.58	0.62	0.66	0.97	0.11	0.99	0.90	0.81
NM_206831|DPH3|chr3|-	chr3:16299471-16302336	16301948	0.31	0.75	NA	0.61	NA	0.29	NA	NA	0.44	0.52	0.38	0.24	NA	0.12	0.48	0.60	0.30	NA	NA	NA	NA	0.26	0.56
NM_001127227|CD59|chr11|-	chr11:33730153-33731889	33731607	0.63	0.63	0.76	0.65	0.46	0.71	0.55	0.63	0.64	0.66	0.46	0.53	0.52	0.65	0.78	0.54	0.60	0.63	0.77	0.42	0.69	0.55	0.44
NM_014630|ZNF592|chr15|+	chr15:85345093-85349169	85346475	0.07	NA	0.29	0.21	NA	NA	0.25	0.10	0.30	0.15	0.21	0.30	0.16	0.05	0.24	0.25	0.25	0.40	NA	0.12	0.10	0.13	NA
NM_016141|DYNC1LI1|chr3|-	chr3:32567476-32568400	32568250	0.47	0.44	0.41	0.47	0.22	0.34	0.40	0.24	0.49	0.55	0.73	0.60	0.38	0.45	0.63	0.51	0.59	0.53	0.38	0.29	0.48	0.40	0.47
NM_006275|SRSF6|chr20|+	chr20:42089342-42092265	42089926	0.13	0.34	0.33	0.17	0.19	0.30	0.22	0.11	0.24	0.33	0.24	0.21	0.25	0.20	0.31	0.24	0.30	0.27	0.21	0.10	0.17	0.20	0.22
NM_001013649|C2orf68|chr2|-	chr2:85832299-85836190	85835437	0.26	0.34	0.38	0.54	0.42	NA	0.46	0.39	0.31	0.22	0.23	0.28	0.15	0.21	0.35	0.26	0.32	0.31	0.35	0.20	0.34	0.31	0.31
NM_006201|CDK16|chrX|+	chrX:47088129-47089366	47088350	0.13	0.33	0.34	0.39	0.14	0.50	0.16	0.15	0.33	0.24	0.49	0.34	0.12	0.13	0.45	0.36	0.52	0.32	0.30	0.12	0.26	0.37	0.31
NM_002634|PHB|chr17|-	chr17:47481409-47482566	47482246	0.14	0.22	0.20	0.26	0.12	0.20	0.17	0.21	0.29	0.17	0.19	0.20	0.14	0.12	0.23	0.28	0.27	0.22	0.26	0.13	0.21	0.18	0.22
NM_031288|INO80B|chr2|+	chr2:74684460-74685525	74685057	0.19	0.36	NA	0.66	0.44	NA	0.21	0.08	0.23	NA	0.15	0.16	0.06	0.07	0.57	0.39	0.19	0.26	0.16	0.08	0.18	0.14	NA
NM_033109|PNPT1|chr2|-	chr2:55861258-55863527	55863316	0.09	0.22	0.20	0.17	0.12	0.17	0.19	0.15	0.27	0.19	0.13	0.19	0.17	0.08	0.14	0.18	0.25	0.27	NA	NA	0.11	0.08	0.19
NM_006313|USP15|chr12|+	chr12:62797972-62799887	62798320	NA	NA	0.15	0.21	0.15	0.16	0.31	NA	0.27	0.14	NA	0.20	0.16	0.13	0.19	0.18	0.17	NA	NA	NA	0.11	0.12	0.16
NM_020248|CTNNBIP1|chr1|-	chr1:9908326-9910834	9910684	0.37	0.80	0.70	0.40	0.34	0.65	0.71	0.45	0.45	0.29	0.70	0.66	0.53	0.38	0.68	0.57	0.59	0.93	0.42	0.27	0.54	0.56	0.80
NM_012164|FBXW2|chr9|-	chr9:123519317-123527125	123526797	NA	0.57	0.38	0.33	0.25	0.24	NA	0.18	0.42	0.31	0.28	0.33	0.29	0.16	0.39	0.36	0.31	0.36	NA	0.10	0.22	0.19	0.29
NM_016252|BIRC6|chr2|+	chr2:32842791-32843943	32842982	0.78	0.40	0.47	0.31	0.62	0.76	0.96	0.30	0.33	0.38	0.65	0.66	0.25	1.00	0.82	0.51	0.70	0.38	0.60	0.07	0.69	0.81	0.57
NM_003681|PDXK|chr21|+	chr21:45175831-45182193	45176019	0.19	0.41	0.09	0.21	0.05	0.08	0.11	0.05	0.46	0.26	0.10	0.18	0.06	0.03	0.23	0.16	0.10	0.21	0.26	0.03	0.05	0.10	0.10
NM_005184|CALM3|chr19|+	chr19:47112381-47114042	47112542	0.58	0.75	0.71	0.75	0.20	0.68	0.46	0.62	0.70	0.54	0.89	0.82	0.60	0.28	0.86	0.79	0.82	0.69	0.77	0.59	0.62	0.74	0.73
NM_001098517|CADM1|chr11|-	chr11:115044345-115047312	115047140	NA	0.69	0.54	0.62	0.06	0.37	0.11	0.08	0.55	0.61	0.45	0.66	NA	0.16	0.62	0.56	0.67	0.59	0.66	0.14	0.13	0.31	0.42
NM_007045|FGFR1OP|chr6|+	chr6:167453391-167455871	167453792	0.25	0.41	NA	0.32	0.33	0.24	0.46	NA	0.31	0.23	0.33	0.38	NA	0.13	0.26	0.28	0.36	0.57	NA	NA	0.19	0.09	0.22
NM_001085468|CTNND1|chr11|+	chr11:57583768-57586671	57585830	0.49	0.19	0.59	0.16	0.30	0.95	0.88	0.39	0.17	0.19	0.35	0.42	0.21	NA	0.56	0.20	0.32	0.22	0.29	0.15	0.95	0.29	0.28
NM_000089|COL1A2|chr7|+	chr7:94059558-94060539	94059954	0.36	0.45	0.38	0.46	0.25	0.52	0.34	0.29	0.53	0.36	0.59	0.44	0.54	0.43	0.61	0.65	0.58	0.25	0.44	0.09	0.46	0.65	0.28
NM_014298|QPRT|chr16|+	chr16:29708519-29710025	29708902	0.44	NA	0.64	NA	NA	0.31	0.62	0.46	0.46	0.48	0.69	0.57	0.24	0.52	0.75	0.55	NA	NA	0.35	0.35	0.54	0.37	0.41
NR_028104|DCAF8|chr1|-	chr1:160185496-160187498	160186575	0.46	0.90	0.74	0.52	0.43	0.67	0.55	0.46	0.69	0.58	0.75	0.59	0.44	0.42	0.63	0.58	0.68	0.58	0.55	0.56	0.33	0.51	0.67
NM_014982|PCNX|chr14|+	chr14:71576511-71582091	71576855	0.11	0.37	0.11	0.19	0.08	0.11	0.13	0.10	NA	0.12	0.16	NA	0.11	0.06	0.25	0.25	0.31	NA	NA	0.03	NA	0.15	0.28
NM_005105|RBM8A|chr1|+	chr1:145509165-145513535	145509336	0.11	0.26	0.13	0.21	0.08	0.12	0.13	0.11	0.22	0.13	0.24	0.18	0.09	0.06	0.24	0.23	0.19	0.28	0.15	0.09	0.11	0.08	0.14
NM_013411|AK2|chr1|-	chr1:33473629-33476434	33475556	0.51	0.41	0.34	0.37	NA	NA	NA	NA	0.47	0.31	0.37	0.39	0.33	NA	0.47	0.38	0.39	0.34	0.36	0.15	0.55	0.28	0.76
NM_017588|WDR5|chr9|+	chr9:137023014-137025080	137023772	0.50	0.59	0.91	0.46	0.46	0.75	0.66	0.92	0.56	0.51	0.64	0.64	0.56	0.74	0.77	0.55	0.58	0.66	0.58	0.74	0.66	0.70	0.41
NM_002687|PNN|chr14|+	chr14:39649706-39652621	39651100	0.41	0.38	0.38	0.39	0.48	0.67	0.68	0.42	0.73	0.46	0.45	0.26	0.37	1.00	0.48	0.28	0.37	0.52	0.78	0.09	NA	0.70	0.94
NM_024102|WDR77|chr1|-	chr1:111982840-111984011	111983629	0.51	0.50	0.69	0.41	0.61	0.75	0.89	0.54	0.55	0.66	0.62	0.53	0.43	0.71	0.72	0.60	0.66	0.58	0.53	0.33	0.72	0.37	0.54
NM_030571|NDFIP1|chr5|+	chr5:141531295-141533987	141532314	0.26	0.32	0.22	0.15	0.11	0.12	0.16	0.31	0.24	0.24	0.19	0.26	0.16	0.16	0.15	0.16	0.18	0.26	0.15	NA	0.18	0.21	0.28
NM_016275|SELT|chr3|+	chr3:150345445-150348220	150346116	0.13	0.23	0.12	0.10	0.10	0.21	0.23	0.19	0.20	0.19	0.11	0.21	0.10	0.09	0.21	0.18	0.15	0.31	0.13	0.09	0.12	0.16	0.19
NM_032815|NFATC2IP|chr16|+	chr16:28975025-28978421	28975943	0.48	0.63	NA	0.38	0.72	NA	NA	NA	0.46	0.46	0.55	0.80	0.48	NA	0.67	0.58	0.70	0.79	0.40	NA	NA	0.22	0.44
NM_001076684|UBTF|chr17|-	chr17:42282401-42284735	42284542	0.28	0.43	0.38	0.38	0.48	0.76	0.54	0.30	0.38	0.27	0.46	0.33	0.24	0.42	0.61	0.36	0.42	0.47	0.44	0.12	0.43	0.38	0.61
NM_006191|PA2G4|chr12|+	chr12:56506606-56507685	56506875	0.21	0.44	0.33	0.26	0.09	0.14	0.15	0.15	0.33	0.25	0.44	0.25	0.22	0.19	0.26	0.29	0.27	0.26	0.41	0.10	0.18	0.17	0.26
NM_058243|BRD4|chr19|-	chr19:15346355-15349256	15347686	0.07	0.76	0.18	0.14	0.08	0.24	0.21	0.19	0.22	0.12	0.26	0.24	0.12	NA	0.15	0.14	0.18	0.27	0.27	0.14	0.18	0.13	0.26
NM_006888|CALM1|chr14|+	chr14:90871032-90874613	90871894	0.07	0.30	0.18	0.29	0.08	0.11	0.09	0.19	0.25	0.15	0.26	0.17	0.15	0.05	0.21	0.26	0.29	0.35	0.15	0.23	0.06	0.17	0.09
NM_001122681|SH3BP2|chr4|+	chr4:2835423-2842777	2835969	0.06	NA	0.13	0.31	0.06	0.09	0.07	0.07	0.36	0.21	0.15	0.23	0.18	0.05	0.16	0.15	0.18	0.16	0.25	0.04	0.06	0.12	0.16
NM_001100595|SKA2|chr17|-	chr17:57187310-57189706	57189468	0.40	0.77	0.49	0.72	0.43	0.50	0.33	NA	0.68	0.42	0.60	0.43	0.59	0.21	0.43	0.48	0.33	0.69	NA	NA	0.43	0.29	0.65
NM_004830|MED23|chr6|-	chr6:131907873-131908986	131908774	0.81	0.48	0.53	0.54	0.54	NA	0.94	0.30	0.60	0.64	0.86	0.72	NA	1.00	0.98	0.64	NA	0.56	NA	NA	NA	0.89	0.65
NM_176812|CHMP4B|chr20|+	chr20:32441301-32442160	32441459	0.51	0.48	0.37	0.43	0.46	0.53	0.55	0.39	0.43	0.31	0.28	0.34	0.39	0.39	0.31	0.26	0.32	0.45	0.54	0.38	0.40	0.31	0.78
NM_006675|TSPAN9|chr12|+	chr12:3392210-3395744	3392623	0.27	0.87	NA	0.65	NA	NA	NA	0.67	NA	NA	0.79	NA	0.51	0.30	NA	0.88	0.80	0.77	0.47	0.49	NA	0.57	0.66
NM_139062|CSNK1D|chr17|-	chr17:80200531-80202707	80202400	0.53	0.67	0.93	0.61	0.63	0.46	0.74	0.76	0.72	0.75	0.81	0.80	0.51	0.46	0.79	0.74	0.66	0.90	0.70	0.77	0.38	0.70	0.54
NM_003470|USP7|chr16|-	chr16:8985963-8987961	8986715	0.07	0.11	0.08	0.05	0.16	0.11	0.14	0.16	0.08	0.08	0.14	0.12	0.07	0.20	0.15	0.09	0.13	0.14	0.08	0.08	0.11	0.13	0.12
NM_002815|PSMD11|chr17|+	chr17:30807770-30809854	30807966	0.69	0.90	0.75	0.69	0.49	0.49	0.56	0.64	0.78	0.39	0.75	0.43	0.63	0.25	0.42	0.64	0.54	0.75	0.83	NA	0.52	0.27	0.72
NM_018091|ELP3|chr8|+	chr8:28047165-28048678	28047590	0.52	0.79	0.42	0.43	0.19	0.44	0.41	0.43	0.60	0.58	0.54	0.50	0.40	0.37	0.45	0.51	0.51	0.52	0.85	0.48	0.33	0.40	0.55
NM_145333|MAP3K7|chr6|-	chr6:91223289-91226400	91225525	0.28	0.44	0.47	0.17	NA	NA	NA	NA	0.34	0.30	0.32	0.33	NA	0.49	0.37	0.30	0.36	NA	0.26	NA	NA	0.22	0.31
NM_007275|TUSC2|chr3|-	chr3:50362335-50363617	50363467	0.38	0.76	0.50	0.54	0.16	0.37	0.31	0.35	0.54	0.40	0.55	0.62	0.33	0.28	0.59	0.56	0.51	0.56	0.44	0.24	0.43	0.40	0.51
NM_022731|NUCKS1|chr1|-	chr1:205682279-205687607	205687269	0.34	0.81	0.39	0.77	0.15	0.19	0.07	0.28	0.83	0.30	0.32	0.48	0.57	0.06	0.41	0.50	0.47	0.77	0.63	0.54	0.13	0.21	0.71
NM_017994|C7orf42|chr7|+	chr7:66420488-66423555	66421045	0.25	0.72	0.47	0.30	0.15	0.29	0.25	0.37	0.34	0.30	0.45	0.53	0.29	0.20	0.51	0.49	0.47	0.49	0.47	0.26	0.31	0.49	0.35
NM_015446|AHCTF1|chr1|-	chr1:247002413-247004300	247004089	NA	0.43	0.28	0.33	0.28	0.38	0.36	0.26	0.37	0.26	0.30	0.32	0.25	0.33	0.31	0.25	0.33	0.43	0.28	NA	0.25	0.32	0.42
NM_152902|TIPRL|chr1|+	chr1:168169140-168171354	168169339	0.09	0.77	0.39	0.32	0.13	0.29	0.33	0.20	0.40	0.30	0.33	0.31	0.23	0.09	0.22	0.39	0.23	0.44	0.22	0.20	0.18	0.19	0.33
NM_000629|IFNAR1|chr21|+	chr21:34727621-34734283	34728304	0.25	0.66	0.32	0.64	0.16	0.26	0.20	0.29	0.53	0.38	0.21	0.21	0.28	0.09	0.45	0.42	0.33	0.49	0.37	NA	0.22	0.17	0.27
NM_007158|CSDE1|chr1|-	chr1:115259532-115260837	115260673	0.85	0.73	0.62	0.61	0.69	0.93	0.92	0.51	0.71	0.66	0.65	0.61	0.41	0.82	0.84	0.65	0.64	0.82	0.98	0.21	0.78	0.56	0.89
NM_002721|PPP6C|chr9|-	chr9:127908910-127912200	127911436	0.16	0.33	0.14	0.20	0.14	0.13	0.19	0.16	0.20	0.21	0.19	0.25	0.22	0.18	0.19	0.17	0.20	0.32	0.14	0.12	0.10	0.15	0.15
NM_005262|GFER|chr16|+	chr16:2035866-2037715	2036083	0.18	0.48	0.36	0.40	0.10	0.25	0.08	0.21	0.54	0.56	0.84	0.52	0.31	0.22	0.31	0.39	0.35	0.33	0.49	0.31	0.11	0.37	0.43
NM_001080415|U2SURP|chr3|+	chr3:142775153-142779314	142775630	0.12	0.28	0.21	0.25	0.13	0.16	0.20	0.19	0.26	0.15	0.12	0.22	0.24	0.09	0.22	0.19	0.25	0.28	0.19	NA	0.16	0.10	0.18
NM_153029|N4BP1|chr16|-	chr16:48572631-48577172	48576649	NA	NA	0.15	0.39	NA	0.15	NA	NA	0.48	0.22	0.19	0.28	0.25	0.11	0.34	0.35	0.28	NA	0.31	NA	0.17	0.28	0.20
NM_033544|RCCD1|chr15|+	chr15:91504847-91506315	91505503	NA	0.28	0.33	0.13	0.24	NA	0.21	0.13	0.23	NA	0.24	NA	0.11	0.25	NA	0.17	0.20	0.23	NA	0.10	0.25	NA	NA
NM_030821|PLA2G12A|chr4|-	chr4:110631126-110635651	110635194	0.22	NA	0.22	0.28	0.21	NA	0.23	0.23	0.48	0.19	0.26	0.38	0.40	0.12	0.24	0.37	0.30	0.51	0.24	0.18	0.18	0.23	0.35
NM_001006617|MAPKAP1|chr9|-	chr9:128199681-128201291	128200816	0.24	0.88	0.56	0.48	0.22	0.33	0.55	0.60	0.69	0.30	0.42	0.43	0.32	0.23	0.37	0.41	0.42	0.52	0.45	0.64	0.40	0.28	0.68
NM_017489|TERF1|chr8|+	chr8:73958195-73959984	73958628	NA	0.66	0.45	0.67	0.41	NA	NA	0.48	0.66	0.35	0.43	0.49	NA	0.33	0.54	0.44	0.48	NA	0.51	NA	0.48	0.44	0.88
NM_001145547|RBM17|chr10|+	chr10:6157415-6158771	6157635	0.24	0.40	0.24	0.21	0.07	0.09	0.29	0.13	0.19	0.11	0.15	0.13	0.10	0.10	0.15	0.16	0.16	0.21	0.15	0.08	0.10	0.07	0.22
NM_021928|SPCS3|chr4|+	chr4:177249348-177253542	177249498	0.49	0.63	0.53	0.53	0.28	0.67	0.43	0.35	0.62	0.49	0.73	0.67	0.38	0.36	0.72	0.71	0.68	0.57	0.67	0.15	0.40	0.36	0.61
NM_005766|FARP1|chr13|+	chr13:99100489-99102022	99100639	0.72	0.58	0.36	0.39	0.50	0.45	0.44	0.43	0.55	0.36	0.61	0.52	0.44	0.32	0.48	0.49	0.61	0.43	0.34	0.19	0.45	0.32	0.38
NM_001033583|ACOT9|chrX|-	chrX:23719654-23722099	23721837	0.07	0.28	0.09	0.14	0.02	0.03	0.04	0.03	0.17	0.11	0.10	0.13	0.08	0.02	0.06	0.10	0.11	0.09	NA	0.05	0.02	0.04	0.06
NM_006802|SF3A3|chr1|-	chr1:38422644-38423935	38423700	0.34	0.71	0.50	0.50	0.63	0.61	0.67	0.60	0.68	0.47	0.51	0.37	0.42	0.27	0.45	0.43	0.45	0.70	0.39	0.47	0.70	0.24	0.55
NM_000232|SGCB|chr4|-	chr4:52886871-52890326	52890075	0.30	0.41	0.22	0.43	0.14	0.44	0.39	0.20	0.54	0.27	0.25	0.49	0.24	0.20	0.52	0.39	0.45	0.53	0.31	0.16	0.28	0.24	0.34
NM_015704|PPPDE2|chr22|-	chr22:41995044-41997194	41996952	0.13	0.58	0.30	0.31	0.04	0.05	0.05	0.10	0.22	0.35	0.23	0.19	0.24	0.04	0.12	0.34	0.19	0.23	0.21	NA	0.04	0.10	0.20
NM_001196|BID|chr22|-	chr22:18215649-18218357	18218191	0.29	0.28	0.17	0.18	NA	0.22	NA	0.23	0.23	0.24	0.29	NA	0.11	0.26	0.34	0.25	0.23	NA	0.34	0.11	0.22	0.13	0.23
NM_003601|SMARCA5|chr4|+	chr4:144474271-144475530	144474505	0.26	0.40	0.25	0.23	0.21	0.27	0.29	0.15	0.38	0.22	0.31	0.29	0.14	0.27	0.36	0.33	0.36	0.40	0.41	0.08	0.28	0.26	0.37
NM_001126|ADSS|chr1|-	chr1:244571799-244572940	244572294	0.89	0.44	0.46	0.43	0.95	0.83	1.00	0.55	0.46	0.46	0.52	0.42	NA	1.00	0.65	0.49	0.49	0.53	0.48	NA	1.00	0.56	0.72
NM_001098728|GTF2H2C|chr5|+	chr5:68887905-68891019	68888129	NA	0.58	0.15	0.17	0.09	0.09	0.10	NA	0.39	0.17	0.21	0.20	NA	0.04	0.08	0.18	0.20	0.18	NA	NA	0.07	0.05	0.11
NM_001142650|HNRPLL|chr2|-	chr2:38789122-38791379	38791225	0.25	0.24	0.11	0.13	0.09	0.13	0.13	0.10	0.23	0.28	0.22	0.16	0.07	0.14	0.21	0.17	0.21	0.24	0.15	NA	0.13	0.11	0.15
NM_152734|C6orf89|chr6|+	chr6:36891122-36896758	36892289	0.25	0.87	NA	0.45	0.18	NA	NA	0.28	0.48	0.42	0.45	0.58	0.42	0.21	0.44	0.60	0.53	0.61	0.33	0.40	NA	0.27	0.40
NM_032870|PNISR|chr6|-	chr6:99846225-99849506	99848419	0.40	NA	0.30	0.32	0.45	NA	0.67	0.35	0.39	0.27	0.35	0.27	NA	0.75	0.43	0.31	0.31	0.58	0.43	NA	0.58	0.30	0.62
NM_001171506|MCFD2|chr2|-	chr2:47128986-47132733	47132446	0.39	0.92	0.64	0.95	0.13	0.61	0.22	0.42	0.95	0.62	0.61	0.73	0.89	0.24	0.84	0.91	0.83	0.80	NA	0.49	0.21	0.53	0.66
NM_016474|C3orf19|chr3|+	chr3:14712402-14714454	14712638	0.42	0.58	0.56	NA	0.27	0.26	0.42	0.41	NA	0.30	0.51	0.51	NA	0.35	0.67	0.54	NA	0.54	NA	0.58	0.42	NA	0.41
NM_015344|LEPROTL1|chr8|+	chr8:29963261-29965575	29963478	0.56	0.49	0.32	0.38	0.12	0.44	0.26	0.23	0.47	0.41	0.43	0.47	0.20	0.16	0.46	0.39	0.41	0.45	0.44	0.19	0.22	0.24	0.40
NM_001777|CD47|chr3|-	chr3:107762202-107766139	107765961	0.10	0.37	0.10	0.14	0.04	0.10	0.07	0.08	0.17	0.15	0.14	0.17	0.11	0.02	0.09	0.13	0.18	0.22	0.12	0.10	0.03	0.04	0.15
NM_015969|MRPS17|chr7|+	chr7:56022601-56024193	56022900	0.32	0.29	0.26	0.33	0.19	0.25	0.21	0.20	0.28	0.23	0.27	0.22	0.20	0.25	0.24	0.28	0.16	0.19	0.38	0.25	0.16	0.16	0.25
NM_004383|CSK|chr15|+	chr15:75094671-75095539	75094987	1.00	0.77	0.73	0.77	0.91	1.00	1.00	0.89	0.85	0.60	0.95	0.83	0.71	1.00	0.96	0.87	0.87	0.96	0.93	0.58	1.00	0.89	0.99
NR_037926|SENP3-EIF4A1|chr17|+	chr17:7481659-7482325	7481889	0.29	0.37	0.47	0.41	0.30	0.47	0.31	0.23	0.49	0.30	0.77	0.50	0.26	0.37	0.50	0.55	0.71	0.44	0.64	0.10	0.31	0.50	0.44
NM_002056|GFPT1|chr2|-	chr2:69546926-69553365	69552439	0.33	NA	0.54	0.46	0.36	0.32	0.32	0.32	0.54	0.40	0.53	0.37	0.47	0.25	0.31	0.37	0.33	0.53	0.41	NA	0.20	0.27	0.32
NM_006660|CLPX|chr15|-	chr15:65440555-65443251	65442954	0.35	0.55	0.28	0.44	0.12	0.39	NA	NA	0.56	0.31	0.26	0.32	0.25	0.21	0.32	0.24	0.31	0.47	0.40	NA	0.30	0.28	0.65
NM_000671|ADH5|chr4|-	chr4:99992157-99993592	99993370	0.37	0.52	0.19	0.34	0.14	0.24	0.18	0.18	0.28	0.27	0.45	0.42	0.21	0.16	0.31	0.33	0.32	0.34	0.39	0.25	0.17	0.20	0.33
NM_001048210|CLCC1|chr1|-	chr1:109474496-109475123	109474973	0.75	0.79	0.39	0.74	0.53	NA	0.57	0.54	0.78	0.47	0.72	0.56	NA	0.88	0.67	0.68	0.60	0.50	0.66	0.40	0.64	0.57	0.82
NM_001282|AP2B1|chr17|+	chr17:34050643-34053433	34051047	0.43	0.95	0.86	0.82	0.47	0.46	0.57	0.50	0.90	0.88	0.94	0.87	0.83	0.35	0.76	0.89	0.92	0.85	0.91	0.60	0.52	0.46	0.75
NM_015295|SMCHD1|chr18|+	chr18:2802525-2805022	2803166	NA	0.60	0.56	0.38	NA	NA	NA	NA	NA	NA	0.40	0.42	NA	0.59	0.52	0.47	0.46	0.50	0.64	NA	0.55	0.52	NA
NM_021156|TMX4|chr20|-	chr20:7958001-7963268	7962092	NA	NA	0.26	0.31	0.17	0.25	0.21	0.16	NA	0.29	0.17	0.13	NA	NA	0.20	0.22	0.21	0.15	NA	0.09	0.21	0.21	0.55
NM_138496|CYHR1|chr8|-	chr8:145674947-145676153	145675388	NA	0.20	NA	0.18	0.69	NA	NA	0.52	0.20	0.25	0.33	0.40	0.15	0.86	0.40	0.34	0.30	0.36	NA	0.22	0.51	0.36	0.25
NM_002111|HTT|chr4|+	chr4:3241572-3245687	3242324	0.17	0.37	0.29	0.27	0.09	0.10	0.24	0.12	0.24	0.25	0.19	0.40	0.08	0.11	0.20	0.17	0.16	0.20	0.14	0.12	0.10	0.21	0.11
NM_016131|RAB10|chr2|+	chr2:26357806-26360398	26358043	0.60	0.76	0.57	0.65	0.41	0.51	0.44	0.57	0.73	0.46	0.69	0.66	0.51	0.27	0.71	0.56	0.61	0.89	0.71	0.42	0.36	0.40	0.69
NM_138991|BACE2|chr21|+	chr21:42647297-42651493	42648465	0.02	NA	0.04	0.13	0.02	0.02	0.04	0.01	NA	0.08	0.02	0.02	0.02	0.01	0.09	0.08	0.07	0.04	0.04	0.03	0.03	0.01	0.04
NM_004514|FOXK2|chr17|+	chr17:80559178-80563594	80560240	0.34	0.43	0.59	0.26	0.47	0.56	0.66	0.50	0.54	0.39	0.44	0.38	0.33	0.48	0.59	0.33	0.33	0.53	0.28	0.33	0.53	0.49	0.58
NM_001448|GPC4|chrX|-	chrX:132434154-132437097	132436519	0.37	NA	0.52	0.36	0.26	0.74	0.45	0.31	0.49	0.36	0.44	0.64	NA	NA	0.72	0.48	0.50	0.57	NA	0.22	0.44	NA	0.62
NM_080881|DBN1|chr5|-	chr5:176883609-176884504	176884080	0.66	0.44	0.59	0.47	0.76	1.00	0.85	0.53	0.51	0.52	0.60	0.58	0.35	1.00	0.78	0.60	0.56	0.44	0.72	0.10	0.91	0.74	0.84
NM_001110792|MECP2|chrX|-	chrX:153287102-153296901	153295757	0.09	0.30	0.19	0.37	NA	NA	NA	NA	NA	0.23	0.26	0.34	0.35	0.05	0.22	0.22	NA	NA	NA	NA	0.09	0.14	NA
NM_021159|RAP1GDS1|chr4|+	chr4:99363140-99365006	99363768	0.16	0.35	0.29	0.18	0.24	0.28	NA	0.28	0.25	0.22	0.19	0.33	0.22	0.28	0.47	0.27	0.35	0.36	NA	0.08	0.46	0.26	0.24
NM_001457|FLNB|chr3|+	chr3:58156301-58157982	58156460	0.69	0.95	0.66	0.72	0.19	0.44	0.67	0.49	0.86	0.72	0.75	0.69	0.42	0.24	0.65	0.70	0.72	0.78	0.94	0.25	0.50	0.48	0.79
NM_001207024|M6PR|chr12|-	chr12:9091890-9094536	9093025	0.63	0.42	0.36	0.36	1.00	0.60	0.85	0.54	0.13	0.47	0.22	0.39	0.15	1.00	0.46	0.23	0.13	0.17	0.32	0.20	0.89	0.22	0.41
NM_001001330|REEP3|chr10|+	chr10:65380572-65384638	65380722	0.15	NA	0.34	0.42	0.10	0.25	NA	0.29	0.63	0.42	0.49	0.33	0.44	0.12	0.41	0.51	0.49	0.63	NA	NA	0.24	0.06	0.48
NM_014178|STXBP6|chr14|-	chr14:25278759-25281938	25281751	0.17	0.70	0.25	0.29	0.10	0.16	0.16	0.14	0.41	0.24	0.28	0.32	0.19	0.05	0.26	0.32	0.24	NA	0.15	0.28	0.09	0.06	0.31
NM_006753|SURF6|chr9|-	chr9:136195301-136199184	136197878	NA	0.59	0.29	0.39	NA	NA	NA	0.25	0.33	0.45	0.24	0.14	0.05	NA	0.64	0.17	0.28	0.32	NA	0.08	0.39	0.13	NA
NM_001255976|PMEPA1|chr20|-	chr20:56223427-56227654	56227081	NA	NA	0.71	0.51	NA	0.51	0.68	0.38	0.74	NA	0.62	0.51	0.29	0.46	0.93	0.60	0.54	0.58	0.44	0.22	0.48	0.70	NA
NM_194261|UBE2I|chr16|+	chr16:1374730-1377009	1375281	0.06	0.10	0.05	0.12	0.10	0.11	0.14	0.24	0.12	0.03	0.10	0.06	0.13	0.10	0.11	0.08	0.08	0.22	0.10	0.09	0.11	0.12	0.08
NM_139207|NAP1L1|chr12|-	chr12:76439974-76441498	76441348	0.11	0.47	0.23	0.32	0.08	0.32	0.19	0.11	0.49	0.34	0.61	0.30	0.35	0.14	0.33	0.48	0.52	0.30	0.37	0.07	0.28	0.08	0.35
NM_001037333|CYFIP2|chr5|+	chr5:156819840-156822595	156820190	0.05	NA	0.15	0.43	0.03	NA	NA	0.03	0.32	0.29	0.22	NA	0.07	0.02	NA	0.33	0.29	0.40	0.49	0.07	0.06	0.12	0.26
NM_000574|CD55|chr1|+	chr1:207532890-207534184	207533656	NA	NA	0.08	NA	NA	0.28	0.53	0.07	0.14	NA	0.17	0.16	0.07	0.39	0.32	0.16	0.19	NA	0.31	0.01	0.44	0.23	0.19
NM_006908|RAC1|chr7|+	chr7:6441946-6443609	6442099	0.63	0.64	0.44	0.59	0.29	0.56	0.38	0.45	0.77	0.62	0.69	0.73	0.39	0.37	0.73	0.66	0.72	0.66	0.80	0.30	0.47	0.55	0.67
NM_002709|PPP1CB|chr2|+	chr2:29022064-29025840	29023854	0.48	0.39	0.49	0.13	0.90	0.84	0.98	0.80	0.31	0.22	0.58	0.62	0.40	NA	0.62	0.30	0.41	0.49	0.29	0.29	0.93	0.54	0.44
NM_004863|SPTLC2|chr14|-	chr14:77972313-77978746	77978398	0.10	0.69	0.41	0.43	0.03	0.06	NA	0.09	0.56	0.30	0.39	0.52	0.47	0.01	0.41	0.56	0.50	0.60	0.34	0.17	0.04	0.12	0.33
NM_001895|CSNK2A1|chr20|-	chr20:461403-464720	463424	0.47	0.68	0.73	0.38	NA	0.76	NA	0.68	0.48	0.48	0.66	0.75	0.42	0.68	0.75	0.53	0.61	0.87	0.42	0.40	0.67	0.45	0.53
NM_174909|TMEM167A|chr5|-	chr5:82348638-82352973	82352495	0.34	0.56	0.51	0.49	0.45	0.24	0.33	0.42	0.61	0.43	0.51	0.44	0.56	0.13	0.44	0.58	0.43	0.70	0.40	NA	0.39	0.22	0.37
NM_014232|VAMP2|chr17|-	chr17:8062490-8064189	8063748	0.42	0.87	0.91	0.78	0.21	0.51	0.26	0.35	0.78	0.84	0.93	1.00	0.75	0.29	0.73	0.89	0.91	1.00	0.52	0.28	0.26	1.00	0.70
NM_001204880|UBE2D1|chr10|+	chr10:60128479-60130459	60129300	NA	0.25	0.18	0.14	NA	0.21	NA	NA	0.19	0.08	0.19	0.16	0.20	0.29	0.25	0.16	0.17	0.28	NA	NA	0.21	0.17	0.15
NM_001981|EPS15|chr1|-	chr1:51819943-51822518	51820939	NA	0.36	NA	0.27	NA	NA	NA	NA	0.44	0.51	0.58	0.43	0.31	NA	0.76	0.46	0.56	0.66	0.52	NA	NA	0.82	0.64
NM_017592|MED29|chr19|+	chr19:39888096-39891215	39888307	0.47	0.64	0.55	0.65	0.32	0.66	0.42	0.26	0.59	0.55	0.76	0.77	0.35	0.23	0.71	0.87	0.82	0.61	0.85	0.24	0.48	0.46	0.66
NM_002883|RANGAP1|chr22|-	chr22:41641577-41642676	41642050	1.00	0.83	1.00	0.89	1.00	1.00	1.00	1.00	0.74	1.00	1.00	1.00	0.99	1.00	1.00	1.00	1.00	0.98	1.00	1.00	1.00	1.00	0.98
NM_018222|PARVA|chr11|+	chr11:12549395-12552541	12549771	0.25	0.49	0.48	0.43	0.21	0.35	0.24	0.24	0.41	0.43	0.53	0.65	0.23	0.22	0.56	0.43	0.52	0.40	0.38	0.12	0.27	0.34	0.42
NM_001184790|PARD3|chr10|-	chr10:34398482-34400490	34400067	0.71	0.60	NA	NA	0.22	NA	NA	0.52	0.62	0.41	0.68	NA	0.34	0.25	NA	0.61	NA	NA	0.56	NA	0.23	0.46	NA
NM_198889|ANKRD17|chr4|-	chr4:73940422-73942007	73941467	0.28	0.30	0.35	0.19	0.29	0.61	0.32	0.19	0.39	0.29	0.41	0.33	0.19	0.44	0.37	0.30	0.42	0.39	0.30	0.07	0.39	0.35	0.38
NM_003403|YY1|chr14|+	chr14:100743754-100749124	100744877	0.08	0.62	0.24	0.16	0.19	0.17	0.24	0.30	0.23	0.10	0.11	0.23	0.40	0.14	0.20	0.22	0.17	0.39	0.23	0.32	0.09	0.17	0.16
NM_005776|CNIH|chr14|-	chr14:54890316-54894559	54893681	0.05	0.34	0.08	0.10	0.07	0.06	0.07	0.10	0.15	0.04	0.10	0.12	0.10	0.03	0.09	0.10	0.09	0.13	0.09	NA	NA	0.04	0.10
NM_001128620|PAK1|chr11|-	chr11:77032624-77034405	77034126	0.61	0.58	0.58	0.41	0.51	0.35	0.70	0.76	0.51	0.57	0.56	0.41	0.45	0.59	0.46	0.39	0.50	0.71	0.54	0.37	0.67	0.34	0.54
NM_152415|VPS37A|chr8|+	chr8:17152495-17155492	17152773	0.09	0.31	0.13	0.15	0.13	0.11	0.22	0.13	0.16	0.13	0.17	0.25	NA	0.11	0.21	0.19	0.21	0.30	NA	NA	0.17	0.14	0.21
NM_152316|C11orf46|chr11|+	chr11:30358113-30360017	30358312	NA	0.68	0.58	0.40	0.31	NA	NA	NA	0.71	0.47	0.65	0.66	0.44	0.50	0.71	0.52	0.59	0.57	0.50	0.19	0.64	0.41	0.63
NM_207111|RNF216|chr7|-	chr7:5659663-5662810	5662388	0.25	0.56	0.57	0.50	0.29	NA	0.45	0.39	0.45	0.60	0.61	NA	0.30	0.33	NA	0.64	0.63	0.50	0.59	0.22	0.45	0.57	0.36
NR_024537|GSTM3|chr1|-	chr1:110279222-110279791	110279634	0.11	0.19	0.25	0.11	0.11	0.10	0.10	0.13	0.10	0.14	0.17	0.13	0.08	0.14	0.14	0.13	0.12	NA	0.09	0.15	0.13	0.11	0.12
NM_014991|WDFY3|chr4|-	chr4:85590686-85594144	85593487	0.54	NA	NA	0.39	0.30	0.34	NA	NA	NA	NA	0.63	0.56	0.33	0.24	0.45	0.38	0.50	0.61	NA	NA	0.32	0.29	0.66
NM_175859|CTPS2|chrX|-	chrX:16606124-16607898	16607712	0.43	NA	0.72	0.63	0.31	0.30	0.45	NA	0.77	0.46	0.70	0.40	0.59	0.23	0.48	0.59	0.69	0.82	0.35	NA	0.34	0.12	0.54
NM_019593|GPCPD1|chr20|-	chr20:5525057-5528496	5527178	0.95	NA	0.51	0.42	0.82	NA	0.79	0.77	NA	0.38	0.63	0.63	NA	NA	0.71	NA	0.39	NA	NA	NA	0.53	0.49	0.53
NM_014828|TOX4|chr14|+	chr14:21964703-21965224	21964920	0.98	0.83	1.00	0.94	NA	NA	NA	0.95	0.92	0.75	0.62	0.65	0.96	0.81	0.74	0.58	0.58	0.93	0.86	0.87	NA	0.61	0.90
NM_080391|PTP4A2|chr1|-	chr1:32373811-32374561	32374305	0.09	0.53	0.17	0.18	0.06	0.11	0.10	0.07	0.29	0.20	0.35	0.25	0.17	0.04	0.23	0.38	0.38	0.32	0.51	0.05	0.08	0.10	0.23
NM_006827|TMED10|chr14|-	chr14:75598149-75601709	75601019	0.10	0.38	0.32	0.37	0.05	0.26	0.11	0.10	0.37	0.25	0.20	0.30	0.22	0.06	0.38	0.36	0.29	0.42	0.23	0.26	0.09	0.21	0.29
NM_006321|ARIH2|chr3|+	chr3:49020631-49023467	49020857	0.27	0.79	0.66	0.41	0.51	0.37	0.76	0.65	0.65	0.42	0.52	0.62	0.55	0.43	0.58	0.50	0.49	0.75	0.42	0.29	0.51	0.47	0.62
NM_004401|DFFA|chr1|-	chr1:10516566-10521759	10521338	0.34	0.78	0.52	0.58	NA	NA	NA	NA	0.76	0.49	0.38	0.59	0.29	NA	NA	0.46	0.39	NA	0.47	0.31	0.31	0.32	0.70
NM_018697|LANCL2|chr7|+	chr7:55498918-55501741	55499163	0.49	NA	0.49	NA	0.24	0.17	0.28	0.29	NA	0.64	0.65	0.61	0.41	0.21	0.55	0.56	0.39	0.69	0.43	NA	0.26	0.21	0.43
NM_016531|KLF3|chr4|+	chr4:38698702-38702685	38699092	0.14	0.70	0.57	0.53	NA	NA	0.26	0.26	0.65	0.70	0.64	0.51	0.37	0.11	0.84	0.71	0.78	0.64	0.52	0.20	0.22	0.50	0.48
NM_001539|DNAJA1|chr9|+	chr9:33038682-33039896	33038960	0.38	0.37	0.42	0.30	0.26	0.58	0.28	0.30	0.29	0.27	0.31	0.29	0.21	0.31	0.34	0.29	0.30	0.38	0.40	0.16	0.37	0.29	0.37
NM_001202470|RPS10-NUDT3|chr6|-	chr6:34247439-34256708	34256137	0.03	0.52	0.11	0.17	0.03	0.04	0.05	0.05	0.14	0.08	0.06	0.11	0.19	0.02	0.09	0.16	0.15	0.27	0.20	0.06	0.04	0.04	0.12
NM_001198954|RNF103-CHMP3|chr2|-	chr2:86728645-86733072	86730629	0.04	0.18	0.04	0.05	0.05	0.04	0.05	0.05	0.04	0.09	0.05	0.04	0.05	0.06	0.06	0.07	0.07	0.08	0.03	0.02	0.04	0.03	0.03
NM_016612|SLC25A37|chr8|+	chr8:23428847-23432995	23429652	0.39	0.62	0.45	0.27	0.43	0.34	0.67	0.36	NA	NA	0.44	0.25	0.14	NA	0.64	0.50	0.53	0.54	0.34	0.24	0.33	NA	0.43
NM_001198681|LEPROT|chr1|+	chr1:65897485-65906202	65899428	NA	0.20	NA	0.09	NA	NA	NA	NA	0.18	0.13	0.32	0.23	0.35	NA	0.26	0.20	0.14	0.22	0.17	NA	NA	0.21	0.21
NM_001142805|SLC6A8|chrX|+	chrX:152960528-152962051	152960784	0.50	0.84	0.83	0.64	0.45	0.71	NA	0.59	0.65	0.78	0.62	0.62	0.46	0.29	0.61	0.56	NA	0.70	0.59	0.40	NA	0.48	0.58
NM_020854|KIAA1468|chr18|+	chr18:59972646-59974345	59972980	NA	NA	NA	0.31	0.29	NA	0.50	0.37	0.57	NA	0.36	0.48	NA	NA	0.45	0.45	0.42	0.48	NA	NA	0.30	0.37	0.40
NM_181673|OGT|chrX|+	chrX:70793469-70795751	70794162	0.77	0.72	0.85	0.63	0.52	0.75	0.73	0.49	0.66	NA	0.91	0.74	0.50	0.29	0.66	0.78	0.75	0.74	0.62	0.34	0.79	0.30	0.61
NM_001024947|YIPF5|chr5|-	chr5:143537724-143540123	143538956	NA	0.19	NA	0.23	NA	NA	NA	NA	0.28	0.17	0.31	0.20	0.10	NA	0.30	0.24	0.33	0.26	0.29	NA	NA	0.31	0.17
NM_007006|NUDT21|chr16|-	chr16:56463049-56466645	56466495	0.17	0.76	0.56	0.70	0.13	0.29	NA	NA	0.77	0.72	0.66	0.63	0.59	0.14	0.60	0.71	0.68	0.74	0.46	NA	0.27	0.18	0.57
NM_018128|TSR1|chr17|-	chr17:2225441-2227668	2227394	0.39	0.48	0.42	0.46	0.46	0.52	0.54	0.41	0.52	0.36	0.46	0.45	0.45	0.30	0.53	0.35	0.38	0.64	0.31	0.34	0.42	0.28	0.42
NM_022783|DEPTOR|chr8|+	chr8:121061814-121063199	121062629	0.99	0.50	0.50	0.46	0.81	NA	NA	0.64	0.51	0.57	0.51	0.61	NA	1.00	0.78	0.49	0.50	NA	0.68	0.19	0.79	0.84	0.79
NM_001969|EIF5|chr14|+	chr14:103807299-103809569	103807449	0.48	0.60	0.33	0.44	0.59	0.59	0.83	0.50	0.57	0.40	0.68	0.67	0.40	0.44	0.78	0.58	0.60	0.67	0.85	0.08	0.44	0.56	0.66
NM_024529|CDC73|chr1|+	chr1:193219805-193223945	193220400	0.39	NA	0.51	NA	NA	0.46	NA	NA	NA	0.30	0.51	0.38	NA	0.34	0.47	0.47	0.39	0.70	0.32	NA	NA	0.24	0.48
NM_002265|KPNB1|chr17|+	chr17:45759769-45762840	45760951	0.17	0.64	0.22	0.21	0.29	0.24	0.41	0.57	0.25	0.12	0.22	0.09	0.21	0.26	0.18	0.21	0.17	0.31	0.22	0.28	0.42	0.09	0.32
NM_016021|UBE2J1|chr6|-	chr6:90036334-90039676	90039442	0.72	0.44	0.51	0.45	0.57	0.71	0.79	0.40	0.52	0.50	0.63	0.60	0.30	0.58	0.67	0.49	0.52	0.58	0.64	0.13	0.73	0.49	0.56
NM_015492|C15orf39|chr15|+	chr15:75503089-75504507	75503832	0.26	NA	0.42	0.35	NA	0.98	NA	0.50	0.40	0.58	0.43	NA	0.32	0.78	0.67	0.31	0.35	0.58	0.28	0.53	0.42	0.36	0.49
NM_003079|SMARCE1|chr17|-	chr17:38783956-38785245	38785075	0.57	0.66	0.34	0.57	0.30	0.48	0.54	0.18	0.67	0.33	0.50	0.41	0.15	0.26	0.43	0.40	0.47	0.59	1.00	0.05	0.42	0.20	1.00
NM_005034|POLR2K|chr8|+	chr8:101165521-101166232	101165710	0.43	0.65	0.62	0.51	0.66	0.71	0.81	0.57	0.60	0.48	0.54	0.36	0.34	0.62	0.51	0.39	0.41	0.51	0.65	0.31	0.63	0.36	0.70
NM_025230|DCAF11|chr14|+	chr14:24592383-24594458	24593203	0.21	0.38	0.23	0.14	0.21	0.20	0.31	0.23	0.27	0.14	0.25	0.19	0.16	0.14	0.24	0.16	0.25	0.25	0.26	0.11	0.32	0.09	0.17
NM_004905|PRDX6|chr1|+	chr1:173456873-173457947	173457074	0.32	0.33	0.37	0.44	0.24	0.43	0.33	0.30	0.49	0.32	0.44	0.31	0.19	0.33	0.56	0.43	0.39	0.41	0.46	0.32	0.36	0.21	0.38
NR_033404|BMP1|chr8|+	chr8:22058630-22059314	22058938	0.24	0.24	NA	0.35	0.37	0.17	NA	0.12	0.24	NA	0.18	NA	NA	0.09	NA	0.18	0.12	NA	0.14	NA	0.20	0.08	NA
NM_201537|NDRG2|chr14|-	chr14:21484922-21485921	21485455	0.79	NA	NA	0.37	1.00	1.00	0.96	1.00	NA	0.69	0.97	NA	0.60	1.00	1.00	0.82	0.80	0.73	0.46	1.00	NA	0.96	0.55
NM_001042540|NCBP2|chr3|-	chr3:196662239-196663953	196663801	0.87	0.76	0.59	0.64	0.59	0.71	0.84	0.62	0.75	0.55	0.81	0.86	0.41	0.64	0.89	0.69	0.70	0.85	0.91	0.17	0.88	0.49	0.91
NR_024191|ATL2|chr2|-	chr2:38521097-38523255	38522133	0.20	0.33	0.20	0.17	0.25	0.18	NA	NA	0.14	0.22	0.27	0.20	0.25	NA	0.25	0.26	0.34	0.17	0.26	NA	NA	0.28	0.19
NM_001204410|SEC14L1|chr17|+	chr17:75209999-75213196	75210187	0.71	0.80	NA	0.74	0.63	0.57	0.79	0.63	0.84	0.71	0.86	0.90	0.62	0.19	0.88	0.83	0.87	0.85	0.65	0.52	0.66	0.64	0.74
NM_001105544|ECHDC1|chr6|-	chr6:127609848-127611422	127611035	0.66	0.67	NA	0.63	NA	0.47	0.85	0.52	0.83	0.41	0.60	0.57	0.48	0.52	0.64	0.62	0.57	NA	0.68	NA	0.54	0.43	0.93
NM_032448|FAM120B|chr6|+	chr6:170713850-170716144	170714126	0.16	0.51	0.37	0.20	0.17	NA	0.44	0.17	0.20	0.33	0.43	0.44	NA	0.16	0.44	0.39	0.43	0.42	NA	0.09	0.20	0.32	0.38
NM_014887|N4BP2L2|chr13|-	chr13:33091029-33092140	33091801	0.29	NA	0.32	0.18	0.25	0.35	0.24	0.24	0.29	0.15	0.33	0.28	0.18	0.28	0.32	0.38	0.30	0.27	0.25	0.07	0.37	0.19	0.18
NM_001114123|ELK1|chrX|-	chrX:47494917-47496326	47495512	0.85	0.41	0.67	0.37	NA	0.98	NA	0.66	0.44	0.78	0.56	0.48	0.40	NA	0.59	0.45	0.50	0.39	0.89	0.20	0.97	0.70	0.81
NM_012207|HNRNPH3|chr10|+	chr10:70101734-70102963	70101884	0.37	0.36	0.27	0.38	0.50	0.61	0.79	0.31	0.41	0.38	0.46	0.43	0.20	0.72	0.67	0.36	0.47	0.50	0.44	0.02	0.54	0.40	0.56
NM_001162916|TYW3|chr1|+	chr1:75229577-75232349	75230047	NA	0.75	0.30	0.50	NA	0.27	NA	NA	0.41	0.35	0.21	0.19	0.48	0.04	0.50	NA	0.51	NA	0.17	NA	NA	0.21	0.38
NM_170665|ATP2A2|chr12|+	chr12:110784005-110788872	110785074	0.04	0.37	0.12	0.10	0.07	0.05	0.08	0.15	0.17	0.14	0.09	0.15	0.17	0.04	0.10	0.12	0.10	0.26	0.10	0.21	0.06	0.09	0.06
NM_004804|CIAO1|chr2|+	chr2:96936848-96939903	96937255	0.31	0.37	0.56	0.66	0.33	0.33	0.54	0.21	0.46	0.43	0.54	0.58	0.26	0.19	0.69	0.60	0.54	0.51	0.42	0.28	0.32	0.32	0.42
NM_016234|ACSL5|chr10|+	chr10:114186975-114188138	114187132	0.78	NA	0.78	0.76	0.50	0.56	0.86	0.62	NA	0.52	0.88	NA	NA	0.58	0.68	0.70	0.75	NA	0.39	0.71	0.84	NA	0.55
NM_005669|REEP5|chr5|-	chr5:112212096-112214532	112214382	0.10	0.50	0.26	0.20	0.08	0.15	0.21	0.13	0.32	0.20	0.26	0.14	0.14	0.08	0.25	0.26	0.25	0.34	0.21	0.20	0.19	0.10	0.19
NM_019116|UBFD1|chr16|+	chr16:23581800-23585728	23581986	0.45	0.86	0.75	0.83	NA	0.27	NA	NA	0.82	0.69	0.68	0.56	0.75	0.15	0.71	0.75	0.76	0.79	0.76	NA	0.28	0.42	0.89
NM_004287|GOSR2|chr17|+	chr17:45015964-45019392	45016185	NA	0.81	0.65	0.53	NA	NA	NA	0.52	0.69	0.64	0.59	0.70	0.28	0.38	0.72	0.68	0.55	0.76	NA	0.32	0.47	NA	0.89
NM_174871|PSMD12|chr17|-	chr17:65334031-65337168	65336700	0.13	0.68	0.21	0.37	0.12	0.18	0.20	NA	0.60	0.26	0.20	0.17	0.16	0.08	0.16	0.33	0.27	0.46	0.25	NA	0.12	0.10	0.30
NM_032796|SYAP1|chrX|+	chrX:16778354-16784463	16780536	0.23	0.53	0.23	0.49	0.20	0.23	0.34	NA	0.55	0.35	0.14	0.11	0.39	0.19	0.21	0.21	0.15	0.33	NA	NA	0.22	0.07	0.34
NM_020347|LZTFL1|chr3|-	chr3:45865492-45867824	45867489	NA	NA	NA	0.47	NA	0.22	NA	NA	0.58	NA	0.51	0.60	NA	0.23	0.36	0.53	0.47	0.62	NA	NA	0.24	0.15	0.50
NM_020123|TM9SF3|chr10|-	chr10:98277884-98282087	98280476	0.10	0.29	0.15	0.11	0.20	0.24	0.41	0.34	0.11	0.12	0.12	0.14	0.30	0.30	0.13	0.11	0.12	0.20	0.11	0.21	0.36	0.10	0.13
NM_005885|MARCH6|chr5|+	chr5:10433705-10437967	10434039	0.20	0.50	0.29	0.22	0.07	0.12	0.19	0.15	0.44	0.33	0.31	0.29	0.29	0.08	0.28	0.33	0.32	0.43	0.16	0.18	0.17	0.14	0.22
NM_001204255|SCARB2|chr4|-	chr4:77079869-77082904	77082691	0.43	0.68	0.62	0.54	0.24	0.60	0.43	0.27	0.56	0.54	0.53	0.72	0.40	0.18	0.65	0.67	0.66	0.63	0.46	0.27	0.33	0.34	0.62
NM_024632|SAP30L|chr5|+	chr5:153835459-153840588	153835656	0.04	0.25	0.10	0.27	0.02	0.02	0.04	0.05	0.32	0.14	0.15	0.15	0.20	0.01	0.13	0.29	0.24	0.23	NA	0.07	0.02	0.09	0.06
NM_152988|SPPL2B|chr19|+	chr19:2352943-2354799	2353902	0.41	0.17	0.46	0.38	0.36	0.43	0.61	0.34	0.19	0.26	0.40	0.25	0.21	0.60	0.33	0.33	0.31	0.32	0.35	0.28	0.49	0.40	0.22
NM_175066|DDX51|chr12|-	chr12:132621135-132623843	132623500	NA	0.59	0.49	0.55	0.33	NA	0.41	0.28	NA	0.43	NA	0.42	0.14	0.20	0.39	NA	NA	NA	NA	0.22	0.29	NA	NA
NM_022100|MRPS14|chr1|-	chr1:174980264-174983987	174983639	0.09	0.27	0.21	0.16	0.20	0.15	0.32	0.16	0.19	0.14	0.17	0.22	0.13	0.10	0.21	0.19	0.12	0.29	0.09	0.13	0.31	0.08	0.16
NM_004928|C21orf2|chr21|-	chr21:45748674-45750209	45749834	NA	NA	NA	0.78	0.45	0.21	0.46	0.13	0.48	0.46	0.37	NA	NA	0.17	0.30	0.40	NA	0.24	0.41	0.19	0.19	0.36	NA
NM_014034|ASF1A|chr6|+	chr6:119228566-119230322	119228907	0.21	0.30	0.25	0.31	0.11	0.16	0.21	0.14	0.25	0.31	0.34	0.41	0.19	0.19	0.39	0.35	0.38	0.49	0.23	NA	0.18	0.21	0.27
NM_020117|LARS|chr5|-	chr5:145492604-145493874	145493506	0.27	0.14	0.10	0.15	0.19	0.18	0.38	0.26	0.22	0.27	0.19	0.16	0.14	0.22	0.27	0.16	0.39	0.26	0.22	0.12	0.40	0.18	0.31
NM_018319|TDP1|chr14|+	chr14:90509413-90511102	90509611	0.14	0.30	0.22	0.23	0.20	0.14	0.43	0.24	0.27	0.26	0.37	0.38	0.14	0.20	0.38	0.29	0.32	NA	NA	NA	NA	0.14	0.28
NM_001037174|ARL5A|chr2|-	chr2:152653219-152659838	152657577	NA	0.50	NA	0.21	NA	NA	NA	NA	0.26	0.22	0.23	0.15	0.44	NA	0.16	0.21	0.19	0.34	0.20	NA	NA	NA	0.17
NM_001042476|CARHSP1|chr16|-	chr16:8946789-8949183	8948912	0.12	0.34	0.17	0.19	0.09	0.23	0.12	0.12	0.21	0.15	0.20	0.16	0.11	0.05	0.13	0.16	0.10	0.29	0.29	0.06	0.11	0.10	0.17
NM_019009|TOLLIP|chr11|-	chr11:1295591-1298483	1297883	0.21	0.52	0.33	0.37	0.23	0.49	0.40	0.26	0.42	0.32	0.37	0.55	0.21	0.13	0.66	0.56	0.47	0.65	0.33	0.24	0.31	0.33	0.31
NM_024050|DDA1|chr19|+	chr19:17430354-17434450	17431066	0.31	0.57	0.27	0.20	0.12	0.11	0.11	0.15	0.32	0.13	0.21	0.27	0.11	0.07	0.15	0.18	0.19	0.20	0.26	0.17	0.09	0.31	0.14
NM_001257174|DDX19B|chr16|+	chr16:70367423-70369119	70367694	NA	0.24	0.13	0.12	0.13	0.09	NA	0.09	0.24	0.12	0.23	0.20	0.26	0.10	0.12	0.17	0.15	0.21	NA	0.22	0.06	0.22	0.13
NM_201542|MED8|chr1|-	chr1:43849600-43850777	43850538	0.49	0.36	0.35	0.52	0.44	0.49	0.52	0.39	0.41	0.27	0.55	0.46	0.37	0.35	0.67	0.38	0.36	0.59	0.53	0.20	0.47	0.32	0.74
NM_004871|GOSR1|chr17|+	chr17:28849271-28855317	28849553	0.49	0.55	0.46	0.51	0.37	NA	NA	NA	0.50	0.46	0.51	0.45	0.38	0.24	0.54	0.59	0.58	0.55	NA	0.26	0.42	NA	0.52
NR_033417|GTF2H2B|chr5|+	chr5:69743060-69746158	69743283	NA	0.56	0.16	0.17	0.09	0.09	0.11	NA	0.32	0.18	0.13	0.17	NA	0.04	0.10	0.10	0.17	0.18	NA	NA	0.07	0.04	0.12
NM_001144968|NEDD4L|chr18|+	chr18:56063398-56068774	56063771	NA	0.40	NA	0.11	0.06	0.09	0.28	0.13	0.20	0.08	0.14	0.13	0.18	0.10	0.15	0.13	0.16	0.20	0.11	0.07	0.10	0.09	0.12
NM_002074|GNB1|chr1|-	chr1:1716712-1718492	1718335	0.37	0.57	0.49	0.53	0.35	0.58	0.64	0.46	0.53	0.54	0.70	0.58	0.39	0.33	0.61	0.50	0.62	0.62	0.70	0.21	0.48	0.55	0.64
NM_001257197|CUL3|chr2|-	chr2:225337486-225339093	225338686	0.14	0.15	0.09	0.13	0.10	0.10	0.09	0.08	0.14	0.11	0.15	0.15	0.06	0.09	0.12	0.13	0.17	0.10	0.12	0.10	0.08	0.09	0.10
NM_022037|TIA1|chr2|-	chr2:70436564-70439977	70439772	0.76	0.46	0.40	0.38	0.56	NA	0.92	0.47	0.59	0.49	0.59	0.49	0.36	0.91	0.84	0.52	0.62	0.60	0.54	0.08	0.84	0.61	0.73
NM_001008211|OPTN|chr10|+	chr10:13178744-13180280	13178894	0.20	NA	0.11	0.24	0.06	0.20	0.08	0.09	0.25	NA	0.28	0.34	0.08	0.07	0.19	0.22	0.28	0.23	0.27	0.06	0.06	0.16	0.27
NM_016652|CRNKL1|chr20|-	chr20:20014968-20017006	20016848	0.44	NA	0.22	0.43	0.21	0.35	0.39	0.23	0.43	0.28	0.45	0.35	NA	0.23	0.41	0.30	0.29	0.37	0.44	0.09	0.19	0.22	0.53
NM_004999|MYO6|chr6|+	chr6:76624529-76626416	76625839	0.46	NA	0.25	0.14	0.41	0.45	0.47	0.32	0.33	0.22	0.38	0.28	0.23	0.75	0.46	0.24	0.29	0.30	0.32	0.09	0.52	0.46	0.30
NM_006241|PPP1R2|chr3|-	chr3:195241219-195243740	195243077	NA	0.79	0.49	0.70	NA	0.34	0.29	0.63	0.58	0.33	0.57	0.56	0.48	0.19	0.52	0.59	0.64	0.63	0.69	NA	0.56	0.41	0.56
NM_021940|SMAP1|chr6|+	chr6:71569902-71571715	71570847	0.35	0.82	0.47	0.19	NA	NA	NA	0.71	0.91	0.26	0.59	0.40	NA	NA	0.56	0.36	0.50	NA	0.34	NA	0.47	0.57	0.46
NR_038327|TEKT4P2|chr21|-	chr21:9907184-9908432	9908277	0.37	NA	0.52	0.63	0.59	0.87	NA	0.84	0.52	0.33	0.84	NA	NA	0.89	0.36	0.64	0.56	NA	0.75	0.40	0.76	0.55	NA
NM_001130007|GSPT1|chr16|-	chr16:11961991-11967028	11966574	0.05	0.27	0.10	0.11	0.05	0.06	0.08	0.10	0.16	0.13	0.09	0.09	0.07	0.04	0.14	0.14	0.11	0.18	0.06	0.16	0.04	0.04	0.10
NM_015047|KIAA0090|chr1|-	chr1:19541292-19545976	19545578	0.24	0.35	0.17	0.26	0.17	NA	0.25	0.14	0.29	0.22	0.12	0.18	0.16	0.16	0.25	0.17	0.16	0.26	0.20	0.06	0.21	0.15	0.27
NM_005729|PPIF|chr10|+	chr10:81113462-81115088	81114343	0.38	0.45	0.27	0.24	0.72	0.69	0.83	0.48	0.38	0.22	0.45	0.22	0.44	0.91	0.48	0.31	0.39	0.50	0.68	0.39	0.86	0.61	0.57
NM_018003|UACA|chr15|-	chr15:70946984-70949466	70949316	0.10	0.28	0.08	0.09	0.07	0.12	0.14	0.08	0.17	0.10	0.14	0.17	0.06	0.09	0.20	NA	0.24	NA	0.16	0.02	0.11	0.09	0.11
NM_001177|ARL1|chr12|-	chr12:101786891-101789448	101789250	0.45	0.49	0.36	0.47	0.38	0.61	0.46	0.41	0.54	0.42	0.44	0.55	0.33	0.24	0.50	0.41	0.44	0.52	0.47	0.23	0.43	0.39	0.56
NM_005828|DCAF7|chr17|+	chr17:61666361-61671654	61666599	0.31	0.65	0.30	0.68	0.22	0.24	0.22	0.22	0.60	0.43	0.65	0.55	0.42	0.06	0.62	0.76	0.74	0.72	0.57	0.27	0.19	0.46	0.58
NM_182498|ZNF428|chr19|-	chr19:44111524-44112259	44112109	0.40	0.35	0.63	0.38	0.50	0.72	0.47	0.61	0.32	0.39	0.33	0.35	0.61	0.39	0.34	0.29	0.32	0.50	0.70	0.64	0.57	0.33	0.31
NR_033268|NUDT16|chr3|+	chr3:131102005-131107650	131102258	0.12	0.33	NA	0.47	0.16	0.12	0.14	0.10	0.52	0.29	0.27	0.19	0.20	0.08	0.24	0.35	0.27	0.19	0.19	0.27	0.09	0.21	0.18
NM_001135937|SMAD2|chr18|-	chr18:45364206-45368321	45367765	0.21	0.20	0.18	0.15	0.14	0.19	0.18	0.12	0.19	0.18	0.22	0.19	0.21	0.21	0.18	0.19	0.20	0.18	0.20	0.07	0.13	0.21	0.21
NM_001206652|SH3GLB1|chr1|+	chr1:87208810-87213851	87209212	0.06	0.59	0.12	0.17	0.04	0.06	0.07	0.10	0.29	0.09	0.15	0.13	0.15	0.04	0.14	0.26	0.22	0.20	0.13	0.09	0.06	0.05	0.12
NM_016094|COMMD2|chr3|-	chr3:149456255-149459505	149458612	NA	0.83	0.38	0.26	NA	NA	NA	NA	0.57	0.25	0.26	0.33	NA	NA	0.47	0.34	0.43	NA	0.28	NA	0.23	0.20	0.35
NM_032582|USP32|chr17|-	chr17:58254565-58256789	58256509	0.19	NA	0.31	0.29	0.17	0.25	0.47	0.15	NA	0.41	0.40	0.51	0.21	0.12	0.40	0.35	0.39	NA	NA	0.09	0.24	0.22	0.39
NM_170708|LMNA|chr1|+	chr1:156108870-156109876	156109451	0.85	0.72	0.90	0.63	1.00	0.93	1.00	1.00	0.56	0.83	0.88	0.81	0.87	1.00	0.96	0.78	0.69	0.84	0.84	1.00	1.00	0.94	0.74
NM_004109|FDX1|chr11|+	chr11:110333077-110334854	110333935	NA	NA	0.17	0.18	NA	0.13	NA	NA	0.22	0.13	0.18	NA	NA	0.26	0.15	0.16	0.20	0.26	0.11	NA	0.16	0.19	0.24
NM_001537|HSBP1|chr16|+	chr16:83845025-83846603	83845245	0.18	0.38	0.27	0.37	0.13	0.18	0.24	0.22	0.43	0.28	0.45	0.28	0.28	0.18	0.33	0.51	0.40	0.32	0.33	0.29	0.22	0.20	0.23
NM_005008|NHP2L1|chr22|-	chr22:42069950-42071199	42070893	0.30	0.38	0.45	0.33	0.18	0.18	0.29	0.27	0.37	0.39	0.40	0.30	0.21	0.19	0.33	0.41	0.39	0.39	0.40	0.56	0.18	0.40	0.25
NM_023012|RSRC2|chr12|-	chr12:122989276-122990253	122990047	0.83	0.57	0.53	0.51	0.83	0.86	1.00	0.76	0.68	0.38	0.50	0.43	0.56	0.99	0.63	0.39	0.43	0.71	0.80	0.14	0.94	0.65	0.82
NM_005333|HCCS|chrX|+	chrX:11139731-11141192	11139943	0.50	NA	0.29	0.43	0.50	NA	NA	NA	0.54	0.27	0.55	NA	0.27	NA	NA	0.51	0.55	0.57	0.34	0.15	0.48	0.25	0.49
NM_001122964|SMEK2|chr2|-	chr2:55774431-55777142	55775540	0.47	0.46	0.38	0.26	0.38	0.30	0.77	0.47	0.37	0.15	0.45	0.24	0.44	0.49	0.37	0.32	0.26	0.48	0.31	NA	0.36	0.26	0.54
NM_000430|PAFAH1B1|chr17|+	chr17:2585022-2588923	2585172	0.29	0.51	0.36	0.42	0.12	0.14	0.27	0.27	0.57	0.49	0.42	0.52	0.27	0.10	0.41	0.49	0.58	0.51	0.33	0.18	0.19	0.30	0.37
NM_006854|KDELR2|chr7|-	chr7:6500706-6502806	6502601	0.93	0.87	0.59	0.39	0.53	0.47	0.78	0.54	0.67	0.49	0.63	0.31	0.48	0.60	0.65	0.61	0.60	0.64	0.58	0.55	0.58	0.48	0.45
NM_032864|PRPF38A|chr1|+	chr1:52882319-52886500	52883790	0.11	0.41	0.27	0.25	NA	0.12	NA	NA	0.31	0.21	0.22	0.19	0.19	0.05	0.17	0.22	0.21	0.18	0.17	NA	0.11	0.09	0.18
NM_017896|C20orf11|chr20|+	chr20:61576090-61579816	61576897	0.15	0.58	0.21	0.47	0.17	0.22	0.19	0.26	0.44	0.31	0.22	0.35	0.30	0.08	0.22	0.24	0.25	0.33	0.32	0.38	0.10	0.22	0.11
NM_177952|PPM1A|chr14|+	chr14:60759170-60765810	60760030	0.12	0.17	0.09	0.13	0.04	0.08	0.07	NA	0.18	0.11	0.09	0.16	0.10	0.04	0.11	0.08	0.16	0.15	0.08	0.06	NA	0.07	0.12
NM_001174127|SLC11A2|chr12|-	chr12:51373552-51375586	51375384	0.51	0.63	NA	0.30	0.80	0.77	0.96	NA	0.52	0.46	NA	0.42	NA	0.70	0.76	0.50	0.53	0.65	0.37	0.32	NA	0.47	0.58
NM_052875|VPS26B|chr11|+	chr11:134115337-134117694	134115487	0.57	0.74	0.70	0.76	0.44	0.61	0.62	0.39	0.83	0.67	0.68	0.81	0.59	0.37	0.80	0.87	0.84	0.82	0.83	0.29	0.53	0.74	0.76
NM_018066|GPN2|chr1|-	chr1:27202622-27206240	27205906	0.18	0.64	0.29	0.25	0.15	NA	NA	0.14	0.42	0.29	NA	0.43	0.12	0.14	0.28	0.27	0.20	NA	0.28	0.13	0.23	0.13	0.44
NM_006805|HNRNPA0|chr5|-	chr5:137086126-137090039	137088551	0.75	0.33	0.67	0.27	0.70	0.91	NA	0.41	0.54	0.25	0.40	0.54	0.17	0.79	0.42	0.21	0.31	0.35	0.34	0.07	0.58	0.66	0.83
NM_012239|SIRT3|chr11|-	chr11:215284-216718	216232	NA	0.37	0.38	0.66	0.73	NA	NA	0.73	0.48	0.29	0.61	NA	0.39	0.85	0.65	0.46	0.47	NA	NA	0.40	NA	NA	NA
NM_016057|COPZ1|chr12|+	chr12:54744259-54745637	54744625	0.23	0.87	0.75	0.55	0.70	0.75	0.72	0.70	0.55	0.62	0.62	0.53	0.53	0.43	0.73	0.63	0.68	0.71	0.47	0.71	0.79	0.32	0.67
NM_015387|MOB4|chr2|+	chr2:198415238-198417385	198415551	0.30	0.41	0.28	0.33	NA	0.29	NA	0.33	0.56	0.31	0.44	0.46	0.31	0.13	0.34	0.41	0.48	0.47	0.34	NA	0.13	0.28	0.53
NM_001253912|TBC1D1|chr4|+	chr4:38138755-38140754	38139197	0.09	0.21	0.14	0.10	0.07	0.09	0.12	0.07	0.15	0.09	0.09	0.14	0.07	0.05	0.13	0.10	0.13	0.21	0.12	0.08	0.09	0.09	0.28
NM_014614|PSME4|chr2|-	chr2:54091210-54092710	54092040	0.11	0.26	0.17	0.13	0.13	0.17	0.24	0.13	0.16	0.13	0.27	0.11	0.07	0.17	0.15	0.12	0.16	0.23	0.06	0.04	0.14	0.09	0.10
NM_012412|H2AFV|chr7|-	chr7:44866414-44874161	44873878	0.03	0.27	0.06	0.11	0.02	0.04	0.02	0.04	0.21	0.12	0.05	0.08	0.09	0.01	0.07	0.11	0.10	0.12	0.09	0.06	0.03	0.02	0.08
NM_024946|FAM192A|chr16|-	chr16:57186379-57188419	57187524	0.17	0.35	0.25	0.17	0.14	0.14	0.15	0.17	0.23	0.19	0.22	0.21	0.22	0.14	0.23	0.23	0.24	0.31	0.20	0.18	0.13	0.18	0.21
NM_015247|CYLD|chr16|+	chr16:50830234-50835821	50830619	NA	NA	NA	0.17	0.09	0.10	NA	NA	NA	0.19	NA	NA	0.13	0.06	0.16	0.17	0.21	0.21	NA	0.10	0.08	NA	0.12
NM_002154|HSPA4|chr5|+	chr5:132439924-132442115	132440126	0.15	0.60	0.28	0.16	0.03	0.07	0.09	0.15	0.29	0.12	0.26	0.16	0.14	0.06	0.18	0.21	0.21	0.38	0.24	0.21	0.07	0.09	0.21
NM_018179|ATF7IP|chr12|+	chr12:14650587-14655886	14651166	0.14	0.61	0.30	0.28	0.17	0.16	NA	0.20	NA	NA	0.34	0.58	0.24	0.06	0.50	0.49	0.45	0.62	0.37	0.13	0.19	0.17	0.49
NM_003569|STX7|chr6|-	chr6:132778846-132781989	132781839	NA	0.66	0.49	0.50	0.39	NA	NA	0.38	0.63	0.58	0.64	0.75	0.31	0.60	0.71	0.62	0.65	0.68	0.57	NA	0.58	0.80	0.76
NM_002499|NEO1|chr15|+	chr15:73594953-73597557	73595632	0.68	0.61	0.55	0.48	NA	NA	NA	0.66	0.51	0.36	0.63	NA	0.41	0.55	0.75	0.64	NA	0.71	0.59	0.54	NA	0.61	0.62
NM_199129|TMEM189|chr20|-	chr20:48740307-48741716	48740838	0.66	0.32	0.51	0.19	NA	0.73	0.89	0.51	0.29	0.51	0.51	0.46	0.25	0.98	0.66	0.38	0.52	0.43	0.29	0.19	0.83	0.63	0.39
NR_033265|C17orf101|chr17|-	chr17:80347142-80350410	80350201	0.28	0.43	0.40	0.41	0.12	0.32	0.10	0.16	0.37	0.27	0.21	0.20	0.15	0.10	0.23	0.32	0.31	0.25	0.36	0.19	0.21	0.36	0.12
NM_006454|MXD4|chr4|-	chr4:2249158-2252428	2251995	0.36	0.86	0.84	0.69	0.24	0.46	0.67	0.28	0.74	0.70	0.67	0.64	0.24	0.24	0.91	0.54	0.62	0.75	0.41	0.20	0.44	0.44	0.62
NM_013325|ATG4B|chr2|+	chr2:242611605-242613268	242612003	0.28	0.54	0.63	0.34	0.20	0.30	0.38	0.43	0.41	0.52	0.31	0.28	0.23	0.16	0.37	0.45	0.37	0.48	0.21	0.93	0.35	0.24	0.25
NM_002752|MAPK9|chr5|-	chr5:179660594-179663526	179662899	0.55	0.32	NA	0.31	0.29	NA	NA	NA	0.37	0.30	0.39	0.36	0.30	NA	0.45	0.26	0.38	0.48	0.50	0.33	NA	0.31	0.40
NM_001695|ATP6V1C1|chr8|+	chr8:104080879-104085291	104081482	0.21	0.74	0.37	0.27	NA	0.22	NA	0.29	0.49	0.51	0.38	0.47	0.60	0.13	0.29	0.41	0.35	NA	0.27	0.38	0.32	0.17	0.26
NM_004782|SNAP29|chr22|+	chr22:21241966-21245522	21242129	0.22	0.43	0.14	0.58	0.18	0.28	0.15	0.07	0.35	0.14	0.25	0.20	0.19	0.10	0.29	0.30	0.24	0.53	0.72	0.22	0.17	0.18	0.45
NR_033721|DNAJC19|chr3|-	chr3:180701496-180702498	180702348	0.45	NA	0.38	NA	0.44	0.46	0.36	0.61	0.67	0.52	0.40	0.38	0.25	0.30	0.42	0.42	0.41	0.71	0.31	NA	0.29	0.17	0.43
NM_006874|ELF2|chr4|-	chr4:139978906-139980761	139979815	0.78	0.44	0.65	0.49	0.67	NA	NA	NA	0.55	0.60	0.60	0.56	0.44	NA	0.79	0.55	0.52	0.53	NA	0.32	0.91	NA	0.76
NM_001256702|USP3|chr15|+	chr15:63882859-63886824	63883597	NA	0.46	0.23	0.18	NA	NA	0.34	NA	0.18	0.11	0.14	0.17	0.18	NA	0.19	0.15	0.18	0.28	NA	0.13	0.17	0.12	0.17
NM_002811|PSMD7|chr16|+	chr16:74339186-74340829	74340117	0.23	0.09	0.16	0.10	0.52	0.36	0.56	0.26	0.08	0.09	0.09	0.10	0.07	0.38	0.22	0.06	0.05	0.11	0.14	0.09	0.30	0.06	0.13
NM_001079559|HNRNPUL2|chr11|-	chr11:62480113-62482851	62482691	0.25	0.54	0.28	0.36	0.23	0.37	0.29	0.26	0.35	0.27	0.28	0.27	0.31	0.14	0.26	0.23	0.26	0.36	0.51	0.19	0.26	0.19	0.42
NM_013374|PDCD6IP|chr3|+	chr3:33907842-33911188	33908453	0.10	0.17	0.13	0.16	0.08	0.25	0.22	0.12	0.17	0.11	0.18	0.24	0.10	0.09	0.21	0.14	0.22	0.27	0.13	0.15	0.09	0.08	0.19
NM_014704|CEP104|chr1|-	chr1:3728728-3732081	3731378	0.12	0.23	NA	0.22	0.12	NA	NA	0.13	0.33	0.25	NA	0.47	0.17	0.06	NA	0.28	NA	0.31	0.30	0.09	0.11	0.16	0.25
NM_001031684|SRSF7|chr2|-	chr2:38970751-38972329	38972080	0.24	0.38	0.18	0.31	0.20	0.17	0.30	0.20	0.30	0.20	0.30	0.27	0.12	0.15	0.32	0.28	0.18	0.38	0.17	0.42	0.13	0.29	0.35
NM_018352|TMA16|chr4|+	chr4:164440485-164441702	164440656	NA	0.60	0.44	NA	NA	NA	NA	NA	NA	0.55	0.66	0.57	0.32	0.52	0.65	0.55	0.59	NA	NA	NA	0.60	0.27	0.74
NM_002956|CLIP1|chr12|-	chr12:122755984-122757647	122757336	0.64	0.43	NA	0.50	0.62	0.93	NA	0.45	0.51	0.30	NA	0.77	0.28	NA	0.89	0.56	0.70	0.56	NA	0.07	0.85	0.68	0.87
NM_016598|ZDHHC3|chr3|-	chr3:44966635-44968339	44968094	1.00	0.88	NA	0.80	0.36	NA	0.41	0.54	0.88	0.64	0.97	0.96	0.76	0.67	0.86	0.94	0.84	0.69	0.93	0.82	0.52	0.75	0.74
NM_004768|SRSF11|chr1|+	chr1:70716290-70718730	70717657	0.13	0.26	0.11	0.08	0.12	0.26	0.29	0.24	0.13	0.04	0.12	0.07	0.15	0.16	0.13	0.08	0.14	0.27	0.17	0.06	0.42	0.06	0.23
NM_004738|VAPB|chr20|+	chr20:57019132-57026143	57020560	NA	0.37	0.08	0.09	NA	NA	NA	NA	0.16	0.12	0.12	0.11	0.12	NA	0.13	0.11	0.11	0.14	NA	0.04	NA	0.09	0.09
NM_014999|RAB21|chr12|+	chr12:72179310-72184498	72181102	NA	0.40	NA	0.29	NA	0.39	NA	NA	0.34	0.30	0.44	0.48	0.34	NA	0.40	0.28	0.31	0.46	0.28	NA	NA	0.35	0.52
NM_013337|TIMM22|chr17|+	chr17:904251-905426	904826	0.85	0.35	0.42	0.35	NA	NA	NA	NA	0.90	0.56	0.40	0.34	0.22	0.78	0.56	0.51	0.86	0.84	NA	0.61	NA	0.43	0.54
NM_012095|AP3M1|chr10|-	chr10:75881266-75883668	75883514	NA	0.93	0.89	0.91	NA	NA	NA	NA	0.95	0.91	0.94	0.85	0.97	NA	0.95	0.89	0.86	0.86	0.84	0.69	NA	NA	0.99
NM_003826|NAPG|chr18|+	chr18:10550073-10552773	10550317	NA	0.65	NA	0.46	0.33	NA	NA	NA	0.61	0.48	0.55	0.54	0.40	0.27	0.58	0.51	0.59	0.62	NA	0.21	0.44	0.21	0.54
NM_007348|ATF6|chr1|+	chr1:161928235-161933844	161928786	0.10	0.39	0.14	0.14	NA	0.16	NA	0.10	0.14	0.11	0.06	0.20	0.10	0.08	0.20	0.18	0.15	0.31	0.17	0.06	0.11	0.05	0.16
NM_181698|CCNY|chr10|+	chr10:35857981-35860781	35858631	0.34	0.56	0.73	0.49	0.35	0.52	0.52	0.38	0.61	0.43	0.43	0.69	0.29	0.32	0.56	0.43	0.53	0.52	0.45	0.39	0.50	0.33	0.77
NM_148893|SVIP|chr11|-	chr11:22842059-22844679	22844470	NA	0.40	0.32	0.44	0.18	0.19	0.20	0.22	0.57	0.51	0.28	0.32	0.21	0.11	0.34	0.44	0.36	0.58	NA	NA	0.20	0.28	0.34
NM_001202556|CD44|chr11|+	chr11:35250675-35253967	35250942	0.30	0.56	0.39	0.42	0.28	0.41	0.49	0.29	0.45	0.31	0.36	NA	NA	0.24	0.44	0.42	0.38	NA	NA	0.12	0.34	0.20	0.45
NM_014765|TOMM20|chr1|-	chr1:235272633-235275423	235275273	0.69	0.77	0.79	0.75	0.39	0.64	0.49	0.66	0.77	0.67	0.84	0.80	0.77	0.42	0.75	0.82	0.81	0.84	0.94	0.66	0.46	0.49	0.76
NM_001178123|ABI1|chr10|-	chr10:27035808-27037674	27036920	NA	0.55	0.45	0.36	0.80	0.76	0.83	0.71	0.49	0.43	0.60	0.56	0.50	0.83	0.70	0.46	0.44	0.56	0.53	NA	0.94	0.60	0.73
NM_006310|NPEPPS|chr17|+	chr17:45699133-45700637	45699390	0.59	0.76	0.91	0.62	0.44	0.63	0.73	0.31	0.64	0.55	0.81	0.85	0.40	0.52	0.83	0.80	0.84	0.70	0.76	0.15	0.51	0.74	0.78
NM_017902|HIF1AN|chr10|+	chr10:102307849-102313703	102309729	0.18	0.33	NA	0.22	NA	NA	NA	NA	0.35	0.34	NA	NA	0.36	NA	NA	0.30	0.27	0.37	NA	0.08	0.09	NA	0.19
NM_002486|NCBP1|chr9|+	chr9:100433367-100436555	100433866	NA	0.57	0.35	0.49	0.33	0.33	NA	NA	0.43	0.52	0.51	0.46	NA	0.34	0.44	0.49	0.46	0.48	NA	NA	0.32	0.55	0.51
NM_003198|TCEB3|chr1|+	chr1:24086001-24088576	24086246	0.45	0.78	0.66	0.70	NA	0.36	NA	0.61	0.68	0.48	0.66	0.69	0.39	0.49	0.69	0.54	0.66	NA	0.81	0.45	0.51	0.44	0.64
NM_001253383|RPL15|chr3|+	chr3:23960686-23962319	23960988	0.13	0.25	0.23	0.21	0.08	0.17	0.13	0.19	0.15	0.16	0.24	0.22	0.13	0.13	0.27	0.21	0.24	0.20	0.12	0.19	0.12	0.12	0.19
NM_024345|DCAF10|chr9|+	chr9:37861136-37867730	37861962	0.27	NA	NA	0.24	NA	NA	NA	NA	NA	0.20	0.23	0.38	0.20	0.07	NA	0.35	0.37	NA	0.31	NA	NA	0.11	0.22
NM_014286|NCS1|chr9|+	chr9:132995268-132999555	132995569	0.22	0.75	0.57	0.37	NA	0.35	NA	0.48	0.52	0.50	0.30	NA	0.37	0.26	NA	0.28	0.33	0.60	0.34	0.27	0.29	0.42	0.22
NM_032560|SMEK1|chr14|-	chr14:91923831-91925213	91924487	0.83	0.28	0.29	0.28	0.60	0.80	0.85	0.21	0.43	0.40	0.61	0.64	0.16	1.00	0.91	0.55	0.63	0.60	0.47	0.07	NA	0.59	0.52
NM_004096|EIF4EBP2|chr10|+	chr10:72181471-72188375	72183576	0.25	0.63	0.34	0.45	NA	NA	NA	0.55	0.45	0.47	0.39	0.20	0.38	0.31	0.37	0.34	0.25	0.52	0.29	0.18	0.39	0.27	0.18
NM_017813|IMPAD1|chr8|-	chr8:57870460-57876623	57875396	0.43	0.78	0.54	0.37	NA	0.57	NA	NA	0.51	0.41	0.39	0.60	0.64	0.29	0.57	0.57	0.59	0.74	0.46	NA	0.35	0.29	0.41
NM_015459|ATL3|chr11|-	chr11:63391531-63396877	63396651	0.12	0.62	0.35	0.55	0.05	0.19	0.10	0.20	0.55	0.36	0.41	0.38	0.28	0.03	0.41	0.51	0.43	0.61	0.33	NA	0.10	0.14	0.27
NM_174907|PPP4R2|chr3|+	chr3:73114547-73118367	73116301	NA	0.43	0.29	0.17	NA	0.41	NA	NA	0.37	0.14	0.34	0.27	0.45	NA	0.42	0.28	0.31	0.56	NA	NA	NA	0.30	0.58
NM_003758|EIF3J|chr15|+	chr15:44853215-44854535	44853550	0.99	0.90	0.84	0.76	NA	0.97	0.97	0.99	0.81	0.80	0.80	0.75	0.81	0.99	0.90	0.69	0.72	0.82	0.80	0.48	0.95	0.86	0.90
NM_020728|ESYT2|chr7|-	chr7:158523668-158526943	158526454	0.41	NA	0.56	0.36	NA	0.47	NA	NA	0.72	0.48	0.56	0.66	0.72	0.35	0.71	0.55	0.61	0.85	0.38	0.29	0.53	0.37	0.61
NM_001253771|SYNCRIP|chr6|-	chr6:86317874-86322641	86321042	0.38	0.27	0.39	0.28	0.27	0.36	0.58	0.25	0.20	0.33	0.40	0.54	0.19	0.20	0.28	0.24	0.28	0.35	0.34	NA	0.25	0.24	0.36
NM_001142648|SAR1A|chr10|-	chr10:71909891-71912348	71912198	0.50	0.70	0.55	0.49	0.28	0.41	0.37	0.37	0.64	0.45	0.67	0.71	0.45	0.21	0.69	0.68	0.66	0.72	0.62	0.21	0.41	0.32	0.57
NM_003252|TIAL1|chr10|-	chr10:121332686-121335303	121335005	0.17	0.26	0.20	0.22	0.13	0.22	0.19	0.14	0.19	0.14	0.22	0.25	0.11	0.12	0.23	0.16	0.15	0.22	0.14	0.07	0.15	0.12	0.16
NM_001178142|TFDP2|chr3|-	chr3:141663291-141671538	141671358	0.12	0.70	0.32	0.30	0.04	0.10	0.09	0.13	0.44	0.37	0.14	0.21	0.18	0.03	0.19	0.24	0.19	0.22	0.22	0.11	0.06	0.06	0.17
NM_005870|SAP18|chr13|+	chr13:21721324-21722908	21721664	0.15	0.25	0.19	0.25	0.20	0.12	0.20	0.23	0.29	0.25	0.23	0.18	0.11	0.14	0.26	0.28	0.31	0.32	0.13	0.46	0.25	0.20	0.14
NM_004457|ACSL3|chr2|+	chr2:223806214-223809340	223806769	0.15	0.30	0.24	0.19	0.12	0.16	0.28	0.13	0.23	0.21	0.18	0.21	0.13	0.10	0.25	0.20	0.21	0.27	0.13	0.15	0.10	0.13	0.26
NM_002035|KDSR|chr18|-	chr18:60994942-60999134	60998069	NA	0.22	0.17	0.23	NA	0.12	NA	0.13	0.22	0.21	0.16	0.11	NA	0.10	0.31	0.22	0.23	0.23	NA	NA	0.24	0.14	0.17
NM_014342|MTCH2|chr11|-	chr11:47638889-47640471	47640298	0.17	0.23	0.20	0.31	0.11	0.17	0.22	0.09	0.26	0.20	0.25	0.25	0.18	0.16	0.27	0.27	0.28	0.39	0.16	0.17	0.19	0.09	0.22
NM_001199981|NDUFS1|chr2|-	chr2:206981297-206989000	206988653	0.15	0.42	0.14	0.23	0.14	0.12	0.17	0.16	0.41	0.22	0.17	0.10	0.15	0.07	0.14	0.17	0.13	0.23	0.17	0.16	0.10	0.07	0.19
NM_005744|ARIH1|chr15|+	chr15:72875548-72878911	72876280	0.37	0.72	0.67	0.74	NA	0.46	NA	NA	0.79	0.42	0.67	0.71	0.71	0.22	0.80	0.72	0.72	0.86	NA	NA	0.37	0.23	0.82
NM_021141|XRCC5|chr2|+	chr2:217069910-217071012	217070084	0.45	0.46	0.33	0.42	0.43	0.32	0.44	0.31	0.42	0.37	0.43	0.37	0.25	0.46	0.44	0.37	0.40	0.50	0.50	0.16	0.31	0.23	0.52
NM_014678|PPP6R2|chr22|+	chr22:50882627-50884667	50882777	0.19	0.54	0.49	0.55	0.23	0.41	0.21	0.28	0.59	0.53	0.40	0.31	0.18	0.15	0.33	0.33	0.43	0.24	0.25	0.21	0.19	0.42	NA
NM_032321|C2orf88|chr2|+	chr2:191064422-191068247	191064924	NA	NA	0.48	0.50	0.27	0.43	0.47	0.24	0.46	0.31	NA	NA	NA	0.26	0.54	0.61	0.48	NA	NA	0.18	0.38	NA	0.50
NM_018202|TMEM57|chr1|+	chr1:25824754-25826707	25825122	NA	0.29	0.26	0.27	0.20	0.33	0.32	0.26	0.30	0.32	0.47	0.54	NA	0.28	0.49	0.39	0.28	0.32	0.49	0.10	0.25	0.40	0.43
NM_005095|ZMYM4|chr1|+	chr1:35885070-35887543	35885740	0.74	0.71	0.72	0.54	0.63	NA	NA	0.47	0.50	0.49	0.86	0.75	0.52	0.57	0.59	0.62	0.69	0.63	0.85	0.36	0.67	0.59	0.80
NM_014781|RB1CC1|chr8|-	chr8:53535021-53536419	53535521	0.62	0.48	0.50	NA	NA	0.92	NA	NA	0.42	0.40	0.46	0.41	0.42	0.99	0.66	0.31	0.48	0.57	0.15	NA	0.84	0.42	0.58
NM_003463|PTP4A1|chr6|+	chr6:64289961-64293484	64291326	0.20	0.54	0.30	0.36	NA	0.36	NA	0.41	0.44	0.24	0.40	0.39	0.37	0.73	0.42	0.44	0.45	0.33	0.41	0.45	0.45	0.48	0.40
NM_006309|LRRFIP2|chr3|-	chr3:37094405-37095452	37095264	0.77	0.63	0.47	0.55	0.65	0.99	0.84	0.49	0.63	0.40	0.64	0.61	0.39	0.88	0.89	0.48	0.52	0.61	NA	0.19	0.91	0.56	0.90
NM_003205|TCF12|chr15|+	chr15:57578354-57585882	57580677	NA	0.04	0.06	0.02	NA	NA	NA	NA	0.03	0.04	0.05	0.09	NA	NA	0.08	0.04	0.07	0.07	0.06	NA	NA	NA	0.07
NM_017988|SCYL2|chr12|+	chr12:100732305-100739217	100733799	NA	0.21	NA	0.12	NA	0.35	NA	NA	0.15	0.12	0.29	0.15	0.12	NA	0.35	0.20	0.21	0.23	0.16	NA	NA	0.20	0.20
NM_002936|RNASEH1|chr2|-	chr2:3588999-3593461	3593242	0.07	0.68	0.25	0.44	0.08	0.19	NA	NA	0.48	0.19	0.30	0.28	0.19	0.05	0.27	0.30	0.29	0.41	NA	0.17	0.13	0.07	0.27
NM_001190964|ZMYM2|chr13|+	chr13:20659961-20662049	20660801	0.09	0.28	0.13	0.16	0.12	0.09	0.14	0.09	0.21	0.17	0.19	0.19	0.18	0.11	0.14	0.16	0.14	0.22	0.14	NA	0.07	0.12	0.15
NM_002957|RXRA|chr9|+	chr9:137328312-137332447	137328618	NA	0.47	NA	0.43	NA	NA	NA	0.36	0.38	0.61	0.62	0.49	0.28	0.28	0.73	0.70	NA	0.54	0.56	0.34	NA	0.62	0.30
NM_003818|CDS2|chr20|+	chr20:5170747-5175757	5170969	0.18	0.41	0.19	0.20	0.11	0.13	0.11	0.12	0.23	0.18	0.12	0.17	0.14	0.12	0.17	0.18	0.14	0.19	0.20	0.07	0.12	0.08	0.13
NM_002140|HNRNPK|chr9|-	chr9:86582989-86584355	86583860	0.43	0.55	0.64	0.47	0.52	0.76	0.59	0.45	0.47	0.43	0.49	0.59	0.37	0.56	0.53	0.42	0.49	0.64	0.48	0.34	0.58	0.47	0.64
NM_017660|GATAD2A|chr19|+	chr19:19616152-19619741	19617788	0.32	0.40	0.61	0.23	NA	0.49	NA	0.56	0.19	0.31	0.55	0.36	0.17	NA	0.62	0.31	0.36	0.45	0.27	0.20	0.56	0.31	0.39
NM_003217|TMBIM6|chr12|+	chr12:50156655-50158727	50156805	0.57	0.98	0.86	0.96	0.37	0.83	0.64	0.84	0.96	0.96	0.83	0.78	0.94	0.39	0.85	0.88	0.87	0.95	0.99	0.87	0.63	0.45	0.93
NM_004239|TRIP11|chr14|-	chr14:92432341-92436237	92435937	0.22	NA	0.29	0.25	0.10	NA	0.28	NA	0.35	NA	0.33	0.37	NA	0.09	0.24	0.29	0.32	0.42	0.27	NA	NA	0.16	0.28
NM_001424|EMP2|chr16|-	chr16:10622353-10626949	10626050	0.40	NA	NA	NA	0.14	0.27	0.15	NA	NA	0.75	0.72	NA	0.67	0.11	0.59	0.85	0.87	0.58	0.73	0.59	0.15	0.57	0.58
NM_006628|ARPP19|chr15|-	chr15:52839230-52844301	52843401	0.29	0.86	0.56	0.56	NA	0.35	NA	0.34	0.77	0.66	0.48	0.64	0.72	NA	0.70	0.81	0.73	0.84	0.63	0.37	0.49	0.35	0.62
NM_004637|RAB7A|chr3|+	chr3:128532169-128533650	128532749	0.84	0.50	0.62	0.45	0.93	0.88	1.00	0.64	0.52	0.43	0.72	0.68	0.36	1.00	0.91	0.48	0.55	0.61	0.89	0.16	0.92	0.82	0.81
NM_005349|RBPJ|chr4|+	chr4:26432313-26436634	26432796	0.20	0.74	0.42	0.72	0.11	0.26	0.17	0.09	0.75	0.55	0.51	0.82	0.35	0.08	0.51	0.74	0.66	0.58	0.54	0.16	0.15	0.29	0.57
NM_020122|KCMF1|chr2|+	chr2:85280270-85282802	85280837	0.10	0.22	0.05	0.09	0.08	0.10	0.11	0.09	0.12	0.05	0.18	0.09	0.08	0.09	0.09	0.13	0.11	0.12	0.12	0.06	0.09	0.07	0.11
NM_016065|MRPS16|chr10|-	chr10:75007026-75010749	75008623	0.04	0.13	0.10	0.17	0.10	0.04	0.05	0.04	0.13	0.14	0.04	0.04	0.03	0.05	0.10	0.10	0.07	0.10	0.04	0.05	0.03	0.04	0.10
NM_005801|EIF1|chr17|+	chr17:39847033-39847881	39847222	0.22	0.74	0.48	0.37	0.17	0.33	0.24	0.38	0.46	0.38	0.57	0.32	0.32	0.25	0.31	0.50	0.40	0.47	0.38	0.46	0.29	0.34	0.31
NM_001142416|AIMP1|chr4|+	chr4:107268682-107270367	107268878	0.14	0.52	0.27	0.23	0.10	0.25	0.25	0.12	0.33	0.31	0.26	0.18	0.20	0.23	0.14	0.29	0.26	0.40	0.23	0.08	0.21	0.09	0.28
NM_004707|ATG12|chr5|-	chr5:115163907-115167560	115167279	0.50	0.44	0.40	0.45	0.39	0.40	0.46	0.30	0.56	0.28	0.41	0.43	0.24	0.36	0.52	0.46	0.42	0.44	0.34	NA	0.62	0.30	0.38
NM_004175|SNRPD3|chr22|+	chr22:24967883-24971278	24968079	0.06	0.30	0.12	0.21	0.04	0.04	0.05	0.06	0.21	0.24	0.12	0.13	0.26	0.04	0.11	0.16	0.10	0.25	0.15	0.21	0.04	0.12	0.16
NM_005112|WDR1|chr4|-	chr4:10075966-10077108	10076958	0.61	0.84	0.58	0.49	0.76	0.85	0.91	0.69	0.68	0.52	0.79	0.81	0.42	0.69	0.92	0.71	0.76	0.82	0.64	0.26	0.66	0.79	0.94
NM_001145354|MKLN1|chr7|+	chr7:131172365-131181408	131172671	0.04	0.42	0.15	0.12	0.03	0.04	0.07	0.04	0.14	NA	0.07	0.22	0.12	0.01	0.13	0.24	0.22	0.23	0.12	NA	0.04	0.03	0.13
NM_012247|SEPHS1|chr10|-	chr10:13359427-13361356	13361154	0.47	0.36	0.38	0.32	0.35	0.51	0.66	0.27	0.31	0.33	0.43	0.36	0.12	0.33	0.58	0.36	0.39	0.51	0.25	0.09	0.47	0.23	0.39
NM_006320|PGRMC2|chr4|-	chr4:129190389-129192568	129191317	0.43	0.42	0.35	0.21	0.44	0.46	0.65	0.50	0.22	0.28	0.26	0.33	0.17	0.38	0.27	0.26	0.21	0.48	0.20	0.32	0.85	0.23	0.24
NM_017872|THG1L|chr5|+	chr5:157166328-157168447	157166733	NA	0.19	0.16	NA	NA	NA	NA	0.12	0.17	NA	NA	NA	NA	NA	0.24	0.39	0.31	0.17	NA	0.14	0.14	0.17	0.23
NM_024329|EFHD2|chr1|+	chr1:15755088-15756827	15755250	0.57	0.80	0.54	0.70	0.49	0.87	0.53	0.57	0.76	0.43	0.72	0.49	0.55	0.45	0.51	0.60	0.62	0.63	0.83	0.49	0.59	0.52	0.92
NM_006768|BRAP|chr12|-	chr12:112079949-112082366	112081917	0.28	0.50	0.38	0.32	0.09	0.36	0.23	0.18	0.52	0.25	0.40	0.46	0.19	0.08	0.50	0.44	0.31	0.42	NA	0.08	0.18	0.22	NA
NM_015578|LSM14A|chr19|+	chr19:34718269-34720211	34718870	0.39	0.77	0.43	0.34	0.40	0.51	0.49	0.33	0.47	0.18	0.36	0.34	0.47	0.43	0.37	0.28	0.35	0.47	0.74	NA	0.50	0.32	0.49
NM_007107|SSR3|chr3|-	chr3:156257915-156261058	156260852	0.27	0.67	0.36	0.42	0.21	0.37	0.27	0.21	0.58	0.53	0.49	0.40	0.43	0.18	0.38	0.55	0.41	0.47	0.41	0.18	0.25	0.28	0.44
NM_001142673|ATG13|chr11|+	chr11:46693804-46696100	46694541	0.56	0.66	0.59	0.61	0.54	0.70	0.62	0.67	0.58	0.58	0.60	0.60	0.51	0.40	0.75	0.53	0.56	0.80	0.49	0.61	0.54	0.47	0.54
NM_194247|HNRNPA3|chr2|+	chr2:178084135-178088528	178084469	0.12	0.19	0.08	0.11	0.06	0.12	0.11	0.08	0.15	0.08	0.09	0.12	0.08	0.06	0.11	0.10	0.11	0.16	0.11	0.05	0.08	0.08	0.13
NM_001146214|TBC1D15|chr12|+	chr12:72316762-72318099	72317026	0.28	0.19	0.24	0.21	0.22	0.39	0.47	0.07	0.21	0.24	0.43	0.43	0.11	0.48	0.54	0.38	0.36	0.32	0.31	0.02	0.51	0.26	0.24
NM_020846|SLAIN2|chr4|+	chr4:48424027-48428179	48424474	0.37	0.62	0.53	0.43	0.26	NA	0.31	NA	0.48	0.58	0.45	0.58	0.40	0.27	0.35	0.46	0.52	0.41	0.57	NA	0.24	0.54	0.30
NM_016056|TMBIM4|chr12|-	chr12:66530566-66531946	66531685	0.25	0.22	0.12	0.15	0.10	0.16	0.07	0.16	0.24	0.07	0.18	0.13	0.13	0.24	0.20	0.15	0.23	0.16	0.29	0.21	0.13	0.06	0.28
NM_032797|AIFM2|chr10|-	chr10:71872094-71874085	71873783	NA	0.85	NA	0.26	0.35	0.18	0.25	0.19	0.53	0.34	0.42	NA	0.25	0.10	0.28	0.33	0.28	NA	0.23	0.31	0.09	NA	0.28
NM_018839|NSFL1C|chr20|-	chr20:1422806-1424556	1424215	0.09	0.25	0.19	0.17	0.08	0.10	0.19	0.07	0.16	0.16	0.17	0.29	0.11	0.10	0.22	0.25	0.26	0.23	0.16	0.06	0.11	0.16	0.19
NM_002092|GRSF1|chr4|-	chr4:71683358-71686578	71685286	0.04	0.30	0.08	0.06	0.04	0.03	0.04	0.03	0.08	0.05	0.03	0.04	NA	0.03	0.04	0.05	0.05	0.10	0.03	NA	0.04	0.02	0.04
NM_006166|NFYB|chr12|-	chr12:104511437-104513547	104513366	0.27	0.33	0.19	0.23	0.27	0.26	0.35	0.19	0.37	0.20	0.23	0.17	0.17	0.27	0.23	0.20	0.23	0.26	0.31	NA	0.29	0.25	0.34
NM_005239|ETS2|chr21|+	chr21:40194597-40196885	40195185	0.51	0.47	0.52	0.41	0.55	0.64	0.84	0.32	0.56	0.42	0.65	0.58	0.19	0.73	0.79	0.49	0.66	0.50	0.52	0.18	0.54	0.73	0.86
NM_013319|UBIAD1|chr1|+	chr1:11345700-11348470	11346113	0.37	0.36	0.38	0.30	0.32	NA	0.48	0.34	0.30	0.54	NA	0.60	0.20	0.32	NA	0.48	0.50	0.50	0.38	0.08	0.30	0.49	0.35
NM_015556|SIPA1L1|chr14|+	chr14:72205734-72207763	72206037	0.07	NA	0.15	0.14	0.03	0.05	0.09	0.09	0.17	0.26	0.26	0.16	0.10	0.08	0.12	0.19	0.20	0.21	0.19	0.07	0.05	0.13	0.22
NM_001199261|UCHL5|chr1|-	chr1:192983230-192985525	192984656	NA	NA	0.25	NA	0.20	NA	NA	NA	0.31	0.20	0.25	0.28	NA	0.23	0.31	0.25	0.28	0.58	NA	NA	0.27	0.23	0.34
NM_014445|SERP1|chr3|-	chr3:150259803-150262285	150262044	0.32	0.37	0.33	0.39	0.15	0.34	0.23	0.18	0.41	0.42	0.44	0.46	0.18	0.17	0.40	0.37	0.41	0.30	0.43	0.23	0.20	0.24	0.33
NM_001134671|DERL1|chr8|-	chr8:124025569-124027825	124027538	0.68	0.82	0.92	0.61	0.42	0.57	0.52	0.28	0.82	0.60	0.98	0.96	0.46	0.32	0.89	0.83	0.73	0.92	0.56	0.54	0.34	0.57	0.57
NM_001143970|CDYL|chr6|+	chr6:4954131-4955781	4954430	0.39	0.59	0.62	0.34	NA	0.49	NA	0.33	0.63	0.40	0.64	0.65	NA	0.38	0.72	0.43	0.51	0.66	0.49	NA	0.35	0.38	NA
NM_013238|DNAJC15|chr13|+	chr13:43681313-43683475	43681507	0.06	0.40	NA	0.24	0.11	0.07	0.07	NA	0.19	0.26	0.14	0.13	NA	0.04	0.11	0.19	0.05	0.28	0.06	NA	0.08	0.03	0.14
NM_005253|FOSL2|chr2|+	chr2:28634796-28640200	28635802	0.34	NA	0.56	0.63	0.47	0.56	0.51	0.44	0.89	0.46	0.47	0.83	0.56	0.12	0.82	0.64	0.64	0.83	0.65	0.38	0.47	0.53	0.68
NM_153188|TNPO1|chr5|+	chr5:72204535-72210217	72206399	NA	0.64	0.44	0.33	0.12	0.32	NA	NA	0.55	0.49	0.22	0.58	NA	NA	0.34	0.40	0.45	0.69	0.36	NA	0.14	0.14	0.35
NM_130834|OPA1|chr3|+	chr3:193412394-193415586	193412701	0.47	0.64	0.50	0.45	NA	0.58	NA	NA	NA	0.69	0.56	0.49	0.44	0.49	0.64	0.54	0.54	0.52	0.54	NA	0.64	0.32	0.68
NM_152729|NT5DC1|chr6|+	chr6:116565071-116566853	116565274	NA	0.49	0.36	0.40	0.16	NA	0.31	NA	0.46	NA	0.27	0.39	NA	0.10	0.25	0.35	0.29	0.74	0.20	NA	0.14	0.18	0.35
NM_031490|LONP2|chr16|+	chr16:48385491-48390714	48385845	0.33	0.70	0.47	0.45	0.32	0.34	NA	NA	NA	0.52	0.54	0.49	0.68	0.33	0.46	0.57	0.52	0.59	0.50	NA	0.33	0.29	0.45
NM_014730|MLEC|chr12|+	chr12:121134118-121139692	121134378	0.27	0.84	0.55	0.75	0.06	0.25	0.16	0.26	0.83	0.65	0.40	0.48	0.71	0.06	0.60	0.72	0.64	0.83	0.65	0.26	0.12	0.27	0.39
NM_002585|PBX1|chr1|+	chr1:164815820-164821097	164816253	0.21	0.81	NA	0.60	0.15	0.24	NA	NA	0.68	0.84	0.77	0.88	0.58	0.07	0.80	NA	0.81	0.75	0.71	0.45	0.38	0.16	0.60
NM_001142443|EDC3|chr15|-	chr15:74922884-74925287	74924926	0.57	0.72	NA	0.72	NA	NA	NA	0.70	0.76	0.59	0.82	0.82	0.43	0.39	NA	0.90	0.76	0.74	0.66	0.46	NA	0.64	0.75
NM_017653|DYM|chr18|-	chr18:46567859-46570574	46570207	0.09	0.53	0.25	0.16	0.08	0.06	0.13	0.15	0.28	0.23	0.32	0.22	0.31	0.08	0.16	0.22	0.20	0.29	0.14	0.27	0.09	0.10	0.18
NM_178335|CCDC50|chr3|+	chr3:191109529-191114912	191109928	0.18	0.46	0.08	0.17	0.12	0.17	0.14	0.13	0.15	0.13	0.18	0.15	NA	0.08	0.13	0.17	0.16	0.20	0.16	NA	0.11	0.05	0.10
NM_006246|PPP2R5E|chr14|-	chr14:63838065-63842826	63840747	NA	0.50	0.23	0.16	NA	NA	NA	NA	0.21	0.11	0.19	0.12	NA	NA	0.22	0.21	0.26	0.37	NA	NA	NA	0.17	0.31
NM_004423|DVL3|chr3|+	chr3:183888106-183891415	183888645	NA	0.97	NA	1.00	0.83	NA	NA	0.36	1.00	NA	0.95	1.00	0.55	0.23	0.97	1.00	1.00	0.99	0.96	0.52	0.71	0.49	NA
NM_033416|IMP4|chr2|+	chr2:131103928-131105385	131104161	0.34	0.60	0.37	0.34	0.17	0.29	0.30	0.14	0.43	0.41	0.40	0.44	0.17	0.16	0.35	0.37	0.36	0.40	0.38	0.14	0.24	0.27	0.54
NM_133433|NIPBL|chr5|+	chr5:37064628-37065906	37065204	0.49	0.34	0.28	0.38	0.63	NA	0.87	0.32	0.39	0.30	0.49	0.35	0.32	0.87	0.59	0.29	0.44	0.40	0.47	0.07	0.77	0.42	0.76
NM_138288|SPTSSA|chr14|-	chr14:34902096-34904510	34903422	0.15	0.35	0.14	0.17	0.12	0.26	NA	0.19	0.16	0.10	0.15	0.12	0.22	NA	0.18	0.19	0.16	0.30	0.10	0.22	NA	0.24	0.18
NM_145687|MAP4K4|chr2|+	chr2:102507627-102511156	102507890	0.30	0.41	0.33	0.23	0.19	0.19	0.43	0.21	0.28	0.22	0.25	0.31	0.16	0.14	0.31	0.30	0.30	0.38	0.27	0.17	0.19	0.14	0.26
NM_003118|SPARC|chr5|-	chr5:151041001-151043160	151042084	0.28	0.16	0.23	0.12	0.54	0.29	0.26	0.33	0.17	0.19	0.16	0.23	0.15	0.67	0.19	0.10	0.16	0.23	0.13	0.26	0.65	0.31	0.25
NM_007007|CPSF6|chr12|+	chr12:69663291-69668108	69663595	0.16	0.28	0.15	0.14	0.11	0.09	0.13	0.08	0.31	0.16	0.14	0.22	0.16	0.07	0.15	0.12	0.14	0.23	0.18	0.10	0.07	0.09	0.15
NM_004331|BNIP3L|chr8|+	chr8:26267879-26270655	26268401	0.43	0.62	0.64	0.46	0.29	0.40	0.42	0.37	0.61	0.76	0.60	0.71	0.39	0.33	0.66	0.65	0.48	0.71	0.52	0.38	0.45	0.48	0.52
NM_013382|POMT2|chr14|-	chr14:77741312-77743824	77743466	NA	0.89	NA	0.67	0.27	NA	0.42	0.36	0.67	0.37	0.30	NA	NA	0.12	0.43	0.43	NA	NA	0.44	NA	NA	0.34	NA
NM_181523|PIK3R1|chr5|+	chr5:67593239-67597669	67594384	NA	NA	0.77	0.81	0.31	0.68	0.50	NA	1.00	0.61	0.32	0.97	NA	0.42	0.80	0.65	NA	NA	0.35	0.79	NA	0.60	0.58
NM_021259|TMEM8A|chr16|-	chr16:420807-422283	421914	0.59	0.57	0.59	0.51	0.72	0.62	0.81	0.57	0.40	0.85	0.54	0.20	0.30	0.64	0.74	0.61	0.62	0.63	0.84	0.20	0.69	0.59	0.41
NR_033361|TMCC1|chr3|-	chr3:129366619-129370638	129369552	NA	NA	NA	0.27	NA	NA	NA	NA	0.42	0.21	0.43	0.54	0.38	NA	NA	0.34	0.41	0.41	0.40	0.16	NA	NA	0.46
NM_004849|ATG5|chr6|-	chr6:106632354-106634551	106633840	0.22	0.37	0.23	0.20	NA	0.31	NA	NA	0.22	0.10	0.28	0.30	0.20	NA	0.37	0.22	0.24	0.36	0.21	NA	0.61	0.14	0.24
NR_002791|EMX2OS|chr10|-	chr10:119243775-119250422	119250194	NA	NA	NA	0.67	0.17	0.26	0.18	0.29	0.60	NA	0.50	0.51	NA	0.04	0.47	0.64	0.50	0.58	0.60	0.29	0.27	0.15	0.38
NM_003729|RTCA|chr1|+	chr1:100756958-100758326	100757276	0.20	NA	0.22	0.28	NA	0.18	0.38	0.34	0.40	0.18	0.38	0.16	NA	0.21	0.19	0.29	0.25	0.57	0.22	NA	0.28	0.09	0.28
NM_001546|ID4|chr6|+	chr6:19839440-19842444	19840863	NA	0.41	0.31	0.26	NA	0.12	0.26	0.15	0.34	0.25	0.22	0.17	NA	0.13	0.18	0.21	0.21	0.35	0.15	NA	0.12	NA	0.27
NM_003348|UBE2N|chr12|-	chr12:93802138-93803855	93803186	0.28	0.28	0.24	0.21	0.16	0.16	0.25	0.29	0.22	0.23	0.29	0.28	0.20	0.34	0.23	0.24	0.23	0.32	0.24	0.14	0.15	0.18	0.26
NM_005339|UBE2K|chr4|+	chr4:39779979-39784408	39780223	0.20	0.48	0.31	0.28	0.11	0.13	0.18	0.14	0.33	0.40	0.35	0.30	0.32	0.09	0.31	0.35	0.40	0.37	0.16	0.20	0.13	0.15	0.23
NM_004238|TRIP12|chr2|-	chr2:230628569-230632466	230631954	0.05	0.25	0.09	0.08	0.05	0.04	0.07	0.05	0.11	0.06	0.07	0.10	0.09	0.03	0.08	0.10	0.11	0.10	0.16	0.08	0.04	0.06	0.09
NM_002293|LAMC1|chr1|+	chr1:183111668-183114748	183112108	0.27	0.81	0.52	0.59	0.13	0.41	0.30	0.37	0.61	0.47	0.46	0.56	0.38	0.10	0.47	0.47	0.61	0.56	0.45	0.42	0.26	0.19	0.50
NM_001136479|ANP32E|chr1|-	chr1:150190710-150193063	150192903	NA	0.82	0.79	0.63	0.57	0.91	0.78	0.61	0.84	0.59	0.68	0.79	0.68	0.55	0.87	0.58	0.71	0.86	1.00	0.12	0.83	0.54	0.98
NM_001077397|IRF2BP2|chr1|-	chr1:234739987-234743598	234742880	0.57	NA	0.63	0.30	0.52	0.63	0.72	0.50	0.48	0.40	0.68	0.63	0.32	0.67	0.77	0.48	0.47	0.57	0.41	0.26	0.67	0.64	0.69
NM_001033503|SAR1B|chr5|-	chr5:133938966-133942756	133942223	0.08	NA	NA	0.12	0.15	0.11	0.12	0.16	0.19	0.14	0.08	0.10	0.20	0.07	0.08	0.12	0.10	0.28	0.14	0.08	0.07	0.07	0.09
NM_000405|GM2A|chr5|+	chr5:150646856-150652308	150648773	0.18	0.13	NA	0.12	NA	NA	NA	0.23	0.14	0.15	0.16	0.14	0.10	NA	0.26	0.21	0.17	0.27	0.15	0.14	NA	0.26	0.15
NM_173517|VKORC1L1|chr7|+	chr7:65419060-65424552	65419660	0.25	0.84	0.53	0.45	0.29	0.28	NA	NA	0.61	0.41	0.45	0.65	NA	0.18	0.50	0.57	0.47	0.62	0.51	NA	0.18	0.53	0.56
NM_025160|WDR26|chr1|-	chr1:224572830-224577562	224576950	0.19	0.32	0.22	0.16	0.18	0.26	0.35	0.18	0.25	0.22	0.16	0.28	0.17	0.20	0.33	0.25	0.21	0.34	0.43	0.13	0.20	0.22	0.26
NM_002874|RAD23B|chr9|+	chr9:110091823-110094463	110093136	0.26	0.14	0.18	0.23	0.63	0.31	0.56	0.47	0.26	0.26	0.19	0.19	0.17	0.71	0.14	0.15	0.21	0.13	0.35	0.45	0.34	0.14	0.31
NM_018246|CCDC25|chr8|-	chr8:27590817-27593762	27592613	0.37	0.91	NA	0.63	NA	NA	NA	NA	0.56	0.30	0.62	0.34	NA	NA	0.42	0.49	0.44	0.59	0.56	NA	NA	0.45	0.65
NM_001031695|RBFOX2|chr22|-	chr22:36134756-36140296	36140113	0.16	0.67	0.40	0.44	NA	0.11	0.16	0.25	0.49	0.46	0.39	0.34	NA	0.06	0.42	0.53	0.46	NA	0.30	NA	0.15	0.15	0.31
NM_174921|C4orf34|chr4|-	chr4:39548389-39553778	39553124	NA	NA	NA	0.61	NA	0.44	0.47	NA	0.81	NA	0.48	0.56	0.71	0.22	0.50	0.49	0.46	0.75	NA	NA	0.33	0.32	0.71
NM_002972|SBF1|chr22|-	chr22:50885115-50885669	50885455	0.32	0.38	0.47	0.37	0.38	0.60	0.52	0.28	0.38	0.23	0.41	0.47	0.34	0.42	0.36	0.40	0.35	0.38	0.39	0.08	0.46	0.38	NA
NM_001035235|SRA1|chr5|-	chr5:139929656-139930496	139930115	0.28	0.29	0.24	0.23	0.27	0.18	0.43	0.30	0.27	0.19	0.38	0.29	0.22	0.49	0.33	0.25	0.21	0.25	0.29	0.21	0.32	0.19	0.29
NM_006197|PCM1|chr8|+	chr8:17885145-17886530	17885348	0.06	0.34	0.10	0.16	0.06	0.07	0.07	0.04	0.13	0.10	0.12	0.11	0.11	0.06	0.10	0.15	0.14	0.12	0.14	0.03	0.04	0.06	0.09
NM_144564|SLC39A3|chr19|-	chr19:2732520-2733483	2733322	NA	0.44	0.31	0.42	0.83	NA	0.56	0.99	0.41	0.33	0.42	0.34	0.76	0.64	0.42	0.38	0.39	0.53	NA	0.84	0.71	0.46	0.33
NM_004911|PDIA4|chr7|-	chr7:148700140-148701301	148700677	0.58	0.16	0.25	0.22	0.70	0.57	0.84	0.59	0.26	0.34	0.27	0.30	0.22	0.91	0.47	0.28	0.26	0.27	0.44	0.29	0.55	0.40	0.46
