event_id	loci	Proximal_Site	TCGA-77-8008-01A-21R-2187-07	TCGA-51-4081-01A-01R-1100-07	TCGA-90-6837-01A-11R-1949-07	TCGA-56-8201-01A-11R-2247-07	TCGA-77-7138-01A-41R-2045-07	TCGA-22-5482-01A-01R-1635-07	TCGA-51-4079-01A-01R-1100-07	TCGA-56-8083-01A-11R-2247-07	TCGA-77-7338-01A-11R-2045-07	TCGA-56-7731-01A-11R-2125-07	TCGA-77-7335-01A-11R-2045-07	TCGA-33-6737-01A-11R-1820-07	TCGA-58-8386-01A-11R-2296-07	TCGA-56-8623-01A-11R-A28V-07	TCGA-85-7710-01A-11R-2125-07	TCGA-22-4609-01A-21R-2125-07	TCGA-43-6647-01A-11R-1820-07	TCGA-22-5472-01A-01R-1635-07	TCGA-77-7337-01A-21R-2045-07	TCGA-43-7657-01A-31R-2125-07	TCGA-22-5481-01A-31R-1949-07	TCGA-22-5478-01A-01R-1635-07	TCGA-22-5483-01A-01R-1820-07	TCGA-22-5489-01A-01R-1635-07	TCGA-77-7142-01A-11R-2045-07	TCGA-43-7658-01A-11R-2125-07	TCGA-56-7582-01A-11R-2045-07	TCGA-43-6143-01A-11R-1820-07	TCGA-39-5040-01A-21R-2125-07	TCGA-43-3394-01A-01R-0980-07	TCGA-56-8309-01A-11R-2296-07	TCGA-22-5491-01A-01R-1635-07	TCGA-90-7767-01A-11R-2125-07	TCGA-92-7340-01A-21R-2045-07	TCGA-43-6773-01A-41R-1949-07	TCGA-56-7730-01A-11R-2125-07	TCGA-34-8454-01A-11R-2326-07	TCGA-33-4587-01A-11R-2125-07	TCGA-43-6771-01A-11R-1820-07	TCGA-60-2709-01A-21R-1820-07	TCGA-56-7580-01A-11R-2045-07	TCGA-77-8007-01A-11R-2187-07	TCGA-56-7823-01B-11R-2247-07	TCGA-51-4080-01A-01R-1100-07	TCGA-43-5670-01A-21R-2125-07	TCGA-22-4593-01A-21R-1820-07	TCGA-56-7579-01A-11R-2045-07	TCGA-22-5471-01A-01R-1635-07	TCGA-34-7107-01A-11R-1949-07	TCGA-56-8082-01A-11R-2247-07	TCGA-56-7222-01A-11R-2045-07
NM_015045|WAPAL|chr10|-	chr10:88195015-88197365	88196841	0.36	0.49	0.34	0.58	0.49	0.36	0.42	0.59	0.60	0.55	0.51	0.24	0.45	0.64	0.45	0.53	0.45	0.54	0.41	0.46	0.34	0.31	0.43	0.47	0.47	0.72	0.51	0.29	0.46	0.35	0.54	0.44	0.43	0.44	0.44	0.48	0.51	0.47	0.28	0.48	0.57	0.45	0.44	0.47	0.50	0.42	0.39	0.37	0.44	0.54	0.53
NM_206831|DPH3|chr3|-	chr3:16299459-16302336	16302074	0.36	0.30	0.30	0.30	0.26	0.39	0.23	0.39	0.38	0.34	0.34	0.14	0.35	0.46	0.27	0.34	0.31	0.48	0.24	0.29	0.24	0.33	0.26	0.31	0.27	0.32	0.41	0.27	0.23	0.20	0.31	0.28	0.23	0.26	0.30	0.20	0.41	0.52	0.18	0.36	0.29	0.26	0.18	0.23	0.18	0.43	0.16	0.17	0.28	0.35	0.17
NM_033109|PNPT1|chr2|-	chr2:55861246-55863527	55863313	0.15	0.17	0.23	0.25	0.08	0.24	0.18	0.20	0.29	0.20	0.13	0.11	0.37	0.45	0.15	0.20	0.16	0.33	0.11	0.22	0.18	0.11	0.10	0.28	0.12	0.18	0.19	0.09	0.18	0.14	0.31	0.14	0.11	0.13	0.25	0.14	0.23	0.14	0.14	0.34	0.26	0.19	0.14	0.22	0.13	0.31	0.14	0.17	0.24	0.17	0.09
NM_020248|CTNNBIP1|chr1|-	chr1:9908341-9910834	9910199	0.40	0.37	0.41	0.61	0.45	0.90	0.51	1.00	0.81	0.50	0.51	0.35	0.71	1.00	0.59	0.46	0.79	0.83	0.29	0.95	1.00	0.92	0.46	0.92	0.47	1.00	0.27	0.50	0.73	0.56	0.95	0.34	0.56	0.19	0.64	0.39	0.97	0.83	0.38	1.00	0.45	0.77	0.32	0.53	0.45	0.96	0.31	0.33	0.46	0.48	0.28
NM_152219|GJD3|chr17|-	chr17:38519328-38520945	38520316	NA	0.49	0.32	0.79	0.22	NA	0.34	0.44	0.32	0.50	0.22	0.38	0.54	0.62	0.51	0.68	NA	0.37	0.24	0.46	0.36	0.45	0.52	0.43	0.14	0.53	0.28	0.41	0.44	0.40	NA	0.44	0.61	0.25	0.58	0.36	0.57	0.44	0.50	0.58	0.22	0.67	0.47	0.34	0.35	0.47	0.25	0.36	0.41	0.51	0.43
NM_007045|FGFR1OP|chr6|+	chr6:167453391-167455866	167453677	0.24	0.62	0.38	0.43	0.19	0.32	0.24	0.29	0.32	0.32	0.22	0.13	0.39	NA	0.27	0.51	0.32	0.45	0.23	0.35	0.27	0.27	0.40	NA	0.21	0.42	NA	0.20	0.27	0.36	0.33	0.35	0.22	0.21	0.31	0.45	0.36	0.32	NA	NA	0.59	0.21	0.22	0.42	0.31	0.30	0.33	0.33	0.32	0.40	0.37
NM_001085468|CTNND1|chr11|+	chr11:57583768-57586654	57585831	0.26	0.18	0.25	0.38	0.45	0.25	0.32	0.14	0.32	0.42	0.72	0.30	0.18	0.52	0.24	0.20	0.17	0.31	0.30	0.24	0.26	0.14	0.20	0.19	0.29	0.27	0.27	0.08	0.21	0.14	0.27	0.21	0.18	0.41	0.25	0.42	0.23	0.20	0.27	0.27	0.31	0.29	0.22	0.21	0.37	0.21	0.35	0.27	0.19	0.17	0.47
NM_153271|SNX33|chr15|+	chr15:75949302-75954605	75950922	0.20	0.16	0.13	0.08	0.13	0.09	0.07	0.17	0.14	0.16	0.10	0.17	0.26	0.42	0.22	0.18	0.16	0.16	0.16	0.13	NA	0.11	0.16	0.10	0.14	0.25	0.06	0.24	0.22	0.11	0.23	0.04	NA	0.07	0.16	0.12	0.18	0.26	0.09	0.12	0.10	0.25	0.11	0.07	0.09	0.23	0.09	0.08	0.16	0.09	0.13
NM_016185|HN1|chr17|-	chr17:73131351-73132345	73132124	0.32	0.37	0.32	0.32	0.29	0.48	0.43	0.29	0.45	0.31	0.31	0.17	0.28	0.45	0.40	0.38	0.38	0.39	0.37	0.42	0.35	0.30	0.33	0.37	0.39	0.53	0.29	0.21	0.33	0.33	0.44	0.30	0.25	0.27	0.31	0.27	0.40	0.44	0.24	0.39	0.35	0.30	0.22	0.43	0.23	0.41	0.24	0.23	0.28	0.25	0.25
NM_021079|NMT1|chr17|+	chr17:43182986-43186375	43183201	0.44	0.37	0.41	0.37	0.41	0.35	0.31	0.42	0.46	0.34	0.21	0.25	0.41	0.54	0.60	0.45	0.40	0.48	0.29	0.41	0.32	0.48	0.48	0.41	0.39	0.65	0.47	0.32	0.33	0.31	0.43	0.29	0.35	0.23	0.61	0.24	0.42	0.61	0.42	0.30	0.42	0.40	0.33	0.40	0.23	0.53	0.36	0.23	0.36	0.30	0.37
NM_000089|COL1A2|chr7|+	chr7:94059558-94060528	94059956	0.56	0.59	0.50	0.55	0.68	0.62	0.64	0.38	0.58	0.53	0.55	0.50	0.48	0.25	0.58	0.53	0.55	0.48	0.54	0.62	0.46	0.52	0.55	0.58	0.55	0.54	0.54	0.60	0.42	0.60	0.54	0.58	0.64	0.67	0.49	0.33	0.49	0.65	0.54	0.57	0.78	0.57	0.52	0.50	0.63	0.55	0.62	0.60	0.61	0.55	0.56
NM_014982|PCNX|chr14|+	chr14:71576511-71582092	71576855	0.25	0.33	0.15	0.28	0.25	0.22	0.36	0.15	0.35	0.24	0.22	0.14	0.34	0.40	0.27	0.31	0.24	0.33	0.28	0.40	NA	0.12	0.27	NA	0.22	0.34	0.29	0.13	0.26	0.41	0.25	0.24	0.18	0.22	NA	0.15	0.26	0.24	0.20	NA	0.26	0.34	0.22	0.27	0.11	0.27	0.22	0.13	0.22	0.21	0.28
NM_016329|SFMBT1|chr3|-	chr3:52933242-52939292	52938700	NA	0.17	NA	0.25	0.17	NA	0.15	0.15	NA	0.19	0.13	0.17	NA	0.36	NA	NA	0.26	NA	0.20	NA	0.11	0.15	0.20	NA	0.19	0.21	NA	0.15	0.19	0.13	0.22	NA	NA	0.12	0.17	0.13	0.23	0.11	0.14	0.22	0.20	0.24	NA	NA	0.14	0.21	NA	0.09	NA	NA	0.21
NM_005105|RBM8A|chr1|+	chr1:145509165-145513535	145509339	0.17	0.19	0.13	0.16	0.12	0.19	0.20	0.15	0.26	0.12	0.14	0.08	0.21	0.26	0.21	0.24	0.22	0.28	0.19	0.23	0.16	0.14	0.22	0.22	0.19	0.31	0.21	0.13	0.20	0.15	0.23	0.14	0.17	0.11	0.21	0.13	0.27	0.18	0.15	0.20	0.11	0.20	0.14	0.27	0.10	0.21	0.13	0.08	0.19	0.16	0.16
NM_004586|RPS6KA3|chrX|-	chrX:20168044-20173638	20173214	0.34	0.40	0.32	0.28	0.21	0.32	0.39	0.21	0.50	0.25	0.17	0.22	0.43	0.43	0.47	0.42	0.32	0.41	0.23	0.45	0.21	0.29	0.28	0.30	0.34	0.37	0.56	0.22	0.43	0.32	0.34	0.28	0.33	0.23	0.48	0.32	0.37	0.27	0.20	0.38	0.34	0.36	0.32	0.31	0.11	0.34	0.35	0.20	0.40	0.41	0.47
NR_028459|ATXN3|chr14|-	chr14:92524832-92530758	92529965	NA	0.34	NA	0.33	0.25	0.38	NA	0.22	NA	NA	0.22	0.17	0.40	0.57	0.27	NA	NA	0.62	0.28	NA	NA	NA	0.37	NA	0.26	0.41	0.50	0.23	0.31	0.53	NA	0.36	0.17	0.24	NA	0.36	NA	0.22	0.24	NA	0.45	0.42	0.41	0.33	0.16	0.52	0.28	0.22	NA	0.29	0.34
NM_018999|FAM190B|chr10|+	chr10:86273204-86278282	86274132	0.46	0.49	0.32	0.50	0.39	0.37	0.51	0.39	0.63	0.46	0.31	0.32	0.37	0.64	0.36	0.55	0.40	0.48	0.40	0.49	0.29	0.34	0.39	0.39	0.42	0.39	0.61	0.30	0.43	0.50	0.52	0.32	0.37	0.44	0.37	0.34	0.37	0.43	0.29	0.45	NA	0.40	0.32	0.46	0.40	0.35	0.36	0.27	0.35	0.45	0.60
NM_014050|MRPL42|chr12|+	chr12:93894951-93897513	93896315	0.16	0.11	0.20	0.14	0.08	0.14	0.10	0.12	0.21	0.14	0.14	0.11	0.16	0.30	0.13	0.15	0.14	0.22	0.07	0.15	0.24	0.14	0.13	0.19	0.08	0.27	0.19	0.13	0.11	0.14	0.25	0.12	0.14	0.13	0.17	0.18	0.22	0.16	0.09	0.19	0.13	0.15	0.07	0.15	0.09	0.17	0.12	0.11	0.13	0.11	0.10
NM_032815|NFATC2IP|chr16|+	chr16:28975025-28978410	28975950	0.56	0.51	0.58	0.68	0.39	0.65	0.65	0.62	0.79	0.67	0.77	0.46	0.61	0.78	0.48	0.60	0.58	0.63	0.31	0.71	0.46	0.42	0.35	0.37	0.50	0.66	0.49	0.22	0.59	0.48	0.62	0.38	0.38	0.41	0.60	0.72	0.71	0.59	0.48	0.76	0.70	0.60	0.43	0.57	0.44	0.63	0.60	0.45	0.37	0.54	0.54
NM_006191|PA2G4|chr12|+	chr12:56506606-56507666	56506861	0.27	0.22	0.27	0.34	0.35	0.31	0.30	0.28	0.42	0.21	0.28	0.19	0.27	0.45	0.25	0.25	0.23	0.30	0.28	0.35	0.27	0.20	0.22	0.24	0.20	0.46	0.23	0.19	0.29	0.32	0.31	0.22	0.23	0.24	0.28	0.22	0.32	0.40	0.22	0.33	0.26	0.28	0.20	0.21	0.32	0.40	0.34	0.15	0.23	0.19	0.36
NM_015132|SNX13|chr7|-	chr7:17830392-17833916	17833113	0.31	0.30	0.18	0.45	0.32	0.32	0.34	0.33	0.56	0.28	0.47	0.20	0.39	0.54	0.33	0.32	0.23	0.34	0.29	0.45	0.18	0.21	0.28	0.24	0.31	0.43	0.37	0.15	0.29	0.38	0.39	0.24	0.29	0.31	0.36	0.42	0.40	0.26	0.24	0.37	0.52	0.32	0.22	0.28	0.33	0.29	0.31	0.29	0.26	0.37	0.37
NM_006888|CALM1|chr14|+	chr14:90871032-90874601	90871886	0.24	0.36	0.22	0.22	0.12	0.29	0.24	0.24	0.30	0.19	0.10	0.14	0.23	0.38	0.31	0.29	0.35	0.27	0.18	0.21	0.32	0.35	0.40	0.29	0.23	0.39	0.24	0.22	0.28	0.18	0.30	0.26	0.27	0.13	0.26	0.13	0.24	0.33	0.28	0.30	0.15	0.21	0.22	0.19	0.18	0.27	0.20	0.18	0.30	0.34	0.23
NM_175066|DDX51|chr12|-	chr12:132621136-132623843	132623501	0.33	0.41	0.32	0.29	0.33	0.43	0.41	0.38	0.60	0.28	NA	0.22	0.41	0.58	NA	0.37	0.34	0.47	NA	0.30	0.48	0.34	0.45	0.42	NA	0.67	NA	0.26	0.43	0.32	0.49	0.28	0.38	0.28	0.43	0.34	0.40	0.47	NA	0.57	0.35	0.39	0.32	0.42	0.22	0.47	0.38	0.22	0.37	0.30	0.40
NM_006306|SMC1A|chrX|-	chrX:53401080-53407107	53404956	0.11	0.10	0.13	0.09	0.09	0.07	0.05	0.03	0.16	0.10	0.15	0.09	0.15	0.25	0.11	0.11	0.08	0.10	0.07	0.27	0.06	0.07	0.06	0.07	0.05	0.18	0.09	0.07	0.08	0.14	0.17	0.04	0.13	0.12	0.11	0.13	0.14	0.12	0.05	0.12	0.08	0.08	0.08	0.08	0.09	0.11	0.08	0.08	0.05	0.05	0.05
NM_139062|CSNK1D|chr17|-	chr17:80200370-80202707	80202409	0.47	0.47	0.56	0.51	0.60	0.46	0.47	0.60	0.60	0.48	0.42	0.29	0.62	0.76	0.53	0.58	0.62	0.60	0.41	0.53	0.78	0.50	0.77	0.56	0.49	0.86	0.48	0.61	0.64	0.37	0.73	0.50	0.53	0.41	0.49	0.48	0.63	0.68	0.60	0.60	0.48	0.41	0.44	0.49	0.47	0.73	0.61	0.49	0.59	0.41	0.43
NM_002815|PSMD11|chr17|+	chr17:30807770-30809910	30807966	0.51	0.37	0.48	0.53	0.38	0.45	0.39	0.52	0.49	0.37	0.39	0.42	0.61	0.64	0.35	0.35	0.46	0.60	0.32	0.49	0.54	0.38	0.44	0.55	0.33	0.47	0.37	0.32	0.35	0.47	0.64	0.38	0.35	0.35	0.58	0.35	0.64	0.47	0.46	0.48	0.46	0.49	0.32	0.35	0.47	0.63	0.42	0.38	0.46	0.39	0.40
NM_007275|TUSC2|chr3|-	chr3:50362341-50363617	50363463	0.47	0.59	0.37	0.58	0.39	0.48	0.55	0.42	0.51	0.32	0.57	0.30	0.45	0.65	0.41	0.51	0.57	0.65	0.47	0.40	0.61	0.44	0.49	0.49	0.63	0.59	0.62	0.46	0.61	0.54	0.66	0.47	0.43	0.33	0.41	0.51	0.45	0.50	0.42	0.73	0.41	0.54	0.35	0.39	0.25	0.48	0.38	0.35	0.49	0.49	0.45
NM_017994|C7orf42|chr7|+	chr7:66420488-66423535	66421040	0.52	0.43	0.40	0.41	0.29	0.32	0.32	0.44	0.62	0.38	0.47	0.21	0.52	0.69	0.25	0.41	0.36	0.47	0.28	0.53	0.29	0.30	0.34	0.37	0.34	0.47	0.38	0.26	0.34	0.37	0.51	0.24	0.28	0.47	0.48	0.32	0.51	0.42	0.34	0.45	0.53	0.39	0.34	0.25	0.34	0.58	0.54	0.36	0.47	0.35	0.40
NM_174871|PSMD12|chr17|-	chr17:65334036-65337168	65336883	0.19	0.18	0.18	0.17	0.13	0.26	0.18	0.13	0.27	0.18	0.11	0.12	0.23	0.33	0.15	0.26	0.21	0.29	0.16	0.16	0.18	0.18	0.23	0.21	0.17	0.29	0.19	0.11	0.16	0.15	0.30	0.22	0.15	0.17	0.25	0.13	0.25	0.16	0.13	0.25	0.27	0.19	0.13	0.23	0.15	0.26	0.13	0.13	0.22	0.24	0.13
NM_033540|MFN1|chr3|+	chr3:179109768-179112717	179110708	0.34	0.24	0.35	0.30	0.22	0.39	0.28	0.21	0.38	0.35	0.28	0.35	0.45	0.45	0.25	0.38	0.32	0.48	0.19	0.41	0.44	0.34	0.23	0.35	0.21	0.33	0.36	0.21	0.29	0.21	0.36	0.25	0.28	0.33	0.38	0.30	0.39	0.31	0.35	0.39	0.33	0.34	0.29	0.31	0.23	0.38	0.23	0.34	0.40	0.31	0.20
NM_018842|BAIAP2L1|chr7|-	chr7:97920967-97922908	97922655	0.46	0.34	0.29	0.43	0.42	0.38	0.28	0.40	0.50	0.37	0.28	0.30	0.46	0.67	0.53	0.41	0.37	0.51	0.23	0.31	0.44	0.29	0.24	0.31	0.26	0.42	0.35	0.25	0.43	0.34	0.43	0.33	0.29	0.25	0.42	0.30	0.54	0.38	0.35	0.41	0.49	0.33	0.27	0.35	0.40	0.38	0.31	0.26	0.32	0.25	0.42
NM_001161407|NDFIP2|chr13|+	chr13:80126650-80130186	80127940	0.10	0.21	0.21	0.21	0.14	0.16	0.16	0.12	0.20	0.19	0.36	0.12	0.21	0.32	0.12	0.22	0.16	0.22	0.16	0.19	0.24	0.12	0.16	0.19	0.14	0.21	0.26	0.11	0.14	0.20	0.29	0.12	0.15	0.18	0.23	0.23	0.26	0.12	0.09	0.23	0.30	0.21	NA	0.16	0.10	0.21	0.15	0.21	0.19	0.16	0.23
NM_001080415|U2SURP|chr3|+	chr3:142775153-142779308	142775625	0.13	0.24	0.24	0.25	0.17	0.18	0.27	0.12	0.26	0.23	0.12	0.14	0.28	0.31	0.31	0.33	0.17	0.30	0.16	0.29	0.19	0.16	0.17	0.19	0.17	0.25	0.23	0.09	0.20	0.24	0.17	0.18	0.15	0.18	0.27	0.24	0.18	0.20	0.21	0.27	0.23	0.23	0.17	0.29	0.12	0.18	0.15	0.16	0.14	0.24	0.23
NM_153029|N4BP1|chr16|-	chr16:48572628-48577172	48576652	0.44	0.35	0.38	0.28	0.32	0.33	0.21	0.38	0.40	0.34	0.16	0.18	0.36	0.45	0.29	0.34	0.28	0.45	0.17	0.43	0.22	0.27	0.26	0.29	0.40	0.39	0.35	0.31	0.31	0.21	0.34	0.20	0.29	0.22	0.35	0.21	0.26	0.32	0.27	0.30	0.45	0.24	0.20	0.24	0.27	0.32	0.16	0.22	0.34	0.23	0.24
NM_030821|PLA2G12A|chr4|-	chr4:110631108-110635651	110635198	0.32	0.41	0.31	0.37	0.19	0.36	0.31	0.38	0.39	0.28	0.22	0.30	0.37	0.54	0.30	0.36	0.33	0.36	0.21	0.59	0.34	0.26	0.47	0.41	0.34	0.42	0.50	0.36	0.34	0.37	0.38	0.23	0.34	0.26	0.37	0.33	0.38	0.43	0.25	0.53	0.40	0.34	0.30	0.41	0.30	0.40	0.21	0.25	0.40	0.40	0.35
NM_001145547|RBM17|chr10|+	chr10:6157415-6158737	6157630	0.12	0.13	0.12	0.14	0.10	0.13	0.12	0.10	0.18	0.12	0.12	0.07	0.12	0.30	0.14	0.17	0.17	0.21	0.12	0.12	0.14	0.10	0.13	0.11	0.13	0.23	0.12	0.05	0.13	0.13	0.19	0.10	0.08	0.09	0.17	0.10	0.17	0.17	0.07	0.15	0.16	0.12	0.06	0.16	0.12	0.14	0.08	0.08	0.07	0.13	0.11
NM_001412|EIF1AX|chrX|-	chrX:20142629-20146429	20145354	0.51	0.51	0.68	0.53	0.39	0.68	0.44	0.39	0.56	0.53	0.52	0.61	0.42	0.86	0.50	0.58	0.38	0.61	0.27	0.61	0.77	0.73	0.47	0.51	0.44	0.72	0.48	0.31	0.56	0.49	0.61	0.47	0.36	0.43	0.63	0.71	0.52	0.60	0.45	0.60	0.65	0.54	0.30	0.56	0.30	0.53	0.42	0.64	0.33	0.58	0.50
NM_144571|CNOT6L|chr4|-	chr4:78634517-78641797	78639210	0.47	0.61	NA	0.68	NA	0.62	NA	0.41	0.64	0.79	NA	NA	0.49	NA	0.60	0.51	0.60	0.54	0.46	NA	NA	0.62	NA	0.61	0.48	NA	0.47	0.48	0.63	0.58	0.64	NA	0.60	0.57	0.62	NA	0.55	0.68	0.60	0.51	0.75	NA	0.37	0.71	0.63	0.60	0.46	NA	0.42	0.58	NA
NM_005766|FARP1|chr13|+	chr13:99100489-99102021	99100653	0.61	0.49	0.48	0.52	0.32	0.55	0.49	0.36	0.66	0.44	0.53	0.37	0.66	0.66	0.54	0.51	0.50	0.64	0.41	0.36	0.40	0.36	0.44	0.41	0.44	0.60	0.41	0.41	0.46	0.52	0.63	0.46	0.44	0.50	0.51	0.56	0.76	0.49	0.50	0.49	0.48	0.41	0.40	0.37	0.45	0.63	0.38	0.34	0.61	0.46	0.41
NM_001145646|APH1B|chr15|+	chr15:63597812-63601328	63598064	0.36	NA	0.15	0.29	0.34	NA	NA	0.56	NA	0.23	0.11	0.14	0.45	0.53	NA	0.37	NA	0.40	0.24	NA	0.40	0.35	0.33	NA	0.40	0.75	NA	0.36	0.65	0.40	0.34	NA	NA	NA	0.31	NA	NA	0.74	NA	0.32	NA	NA	NA	NA	0.10	NA	NA	0.13	NA	NA	NA
NM_001127197|ELF4|chrX|-	chrX:129197922-129201500	129198951	0.33	0.32	0.41	0.52	0.86	0.40	0.37	0.19	0.49	0.41	NA	0.38	0.32	0.53	0.21	0.31	0.40	0.47	0.20	0.56	0.30	0.39	0.25	0.28	0.38	0.27	0.32	0.14	0.41	0.24	0.36	0.33	0.37	0.44	0.35	0.40	0.27	0.22	0.35	0.36	0.58	0.29	0.23	0.48	0.55	0.30	0.42	0.53	0.24	0.27	0.28
NM_000232|SGCB|chr4|-	chr4:52886850-52890326	52890073	0.36	0.56	0.30	0.49	0.42	0.53	0.60	0.49	0.56	0.43	0.47	0.31	0.37	0.68	0.40	0.43	0.39	0.53	0.48	0.47	0.44	0.27	0.37	0.43	0.46	0.61	0.65	0.36	NA	0.40	0.51	0.40	0.50	0.42	0.38	0.54	0.41	0.45	0.32	0.50	0.51	0.34	0.48	0.56	0.26	0.40	NA	0.33	0.40	0.52	0.50
NM_014630|ZNF592|chr15|+	chr15:85345093-85349583	85346392	0.31	0.27	0.16	0.25	0.24	0.24	0.34	0.27	0.46	0.21	0.33	0.18	0.28	0.37	0.25	0.35	0.30	0.36	0.33	0.18	0.13	0.15	0.22	0.34	0.54	0.31	0.45	0.22	0.32	0.26	0.37	0.19	0.25	0.30	0.25	0.25	0.40	0.29	0.20	0.24	0.31	0.32	0.24	0.41	0.17	0.30	0.18	0.16	0.35	0.23	0.36
NM_001195000|MR1|chr1|+	chr1:181024360-181031072	181025458	0.39	0.30	0.30	0.34	0.22	0.40	0.19	0.43	0.52	0.26	0.27	NA	0.38	0.56	0.24	0.38	0.40	0.59	0.29	0.47	0.23	0.33	0.27	0.28	0.47	0.34	0.42	0.39	NA	0.33	0.42	0.29	0.24	0.33	0.37	0.18	0.49	0.28	0.27	0.50	0.47	0.37	0.13	0.30	0.22	0.46	0.34	0.20	0.40	0.31	0.20
NM_015704|PPPDE2|chr22|-	chr22:41994782-41997194	41996943	0.27	0.20	0.27	0.23	0.18	0.21	0.20	0.37	0.39	0.15	0.07	0.12	0.41	0.35	0.22	0.27	0.17	0.29	0.18	0.37	0.22	0.27	0.31	0.21	0.27	0.48	0.21	0.31	0.34	0.23	0.36	0.20	0.18	0.24	0.27	0.13	0.42	0.38	0.25	0.35	0.19	0.16	0.09	0.15	0.13	0.39	0.25	0.09	0.25	0.23	0.25
NM_003162|STRN|chr2|-	chr2:37068367-37076768	37070990	NA	0.09	NA	0.13	0.07	0.06	0.04	0.07	0.12	NA	NA	0.05	0.12	NA	0.12	0.10	NA	0.04	0.04	0.10	0.08	0.06	0.04	0.07	0.03	0.14	0.10	0.11	0.05	0.04	NA	0.02	0.05	NA	NA	0.08	0.11	0.11	0.06	NA	NA	0.08	0.05	0.05	0.06	0.23	0.06	0.08	0.06	0.07	0.05
NM_003601|SMARCA5|chr4|+	chr4:144474271-144475518	144474504	0.26	0.32	0.21	0.45	0.31	0.31	0.39	0.38	0.41	0.36	0.35	0.21	0.34	0.44	0.29	0.32	0.26	0.38	0.27	0.40	0.24	0.25	0.28	0.33	0.32	0.28	0.36	0.25	0.27	0.35	0.32	0.31	0.28	0.35	0.34	0.28	0.33	0.26	0.23	0.41	0.44	0.28	0.28	0.43	0.42	0.32	0.25	0.27	0.33	0.36	0.29
NM_001195098|ANKRD28|chr3|-	chr3:15708727-15712063	15710227	0.34	0.26	0.34	0.43	0.29	NA	0.24	0.20	0.35	0.44	NA	0.36	0.27	0.55	0.17	0.32	0.30	0.41	0.20	0.39	0.36	0.29	0.27	0.24	0.20	0.21	0.21	0.14	0.23	NA	0.39	NA	0.21	0.37	0.26	0.41	0.39	0.21	0.22	0.32	0.48	0.37	0.25	0.16	0.41	0.39	0.34	NA	0.22	0.18	0.30
NM_001098728|GTF2H2C|chr5|+	chr5:68887905-68891033	68888124	0.29	0.31	0.24	0.25	0.11	0.22	0.18	0.32	0.18	0.18	0.12	0.12	0.30	0.23	0.34	0.28	0.20	0.22	0.14	0.15	0.33	0.13	0.20	0.31	0.17	0.20	0.29	0.15	0.19	0.28	0.24	0.21	0.24	0.14	0.38	0.14	0.22	0.24	0.14	0.43	0.23	0.23	0.16	0.26	0.16	0.19	0.09	0.17	0.27	0.23	0.13
NM_152734|C6orf89|chr6|+	chr6:36891122-36896751	36892289	0.47	0.61	0.39	0.44	0.36	0.48	0.38	0.64	0.66	0.52	0.32	0.28	0.51	0.76	0.37	0.51	0.42	0.57	0.24	0.49	0.51	0.40	0.36	0.40	0.40	0.79	0.46	0.30	0.59	0.48	0.61	0.29	0.46	0.32	0.48	0.51	0.64	0.53	0.32	0.50	0.54	0.54	0.44	0.35	0.19	0.58	0.39	0.25	0.43	0.37	0.41
NM_001233|CAV2|chr7|+	chr7:116146024-116148599	116146680	0.35	0.41	0.46	0.47	0.37	0.45	0.32	0.46	0.40	0.48	0.65	0.35	0.33	0.55	0.24	0.40	0.33	0.36	0.29	0.38	NA	0.35	0.36	0.45	0.34	NA	0.37	0.28	0.25	0.32	0.43	0.30	0.37	0.38	0.39	0.45	0.46	0.44	0.33	0.44	0.62	0.22	0.28	0.47	0.31	0.36	0.31	0.45	0.29	0.43	0.34
NM_001777|CD47|chr3|-	chr3:107762193-107766139	107765962	0.12	0.25	0.12	0.15	0.05	0.18	0.15	0.20	0.21	0.10	0.11	0.07	0.26	0.26	0.17	0.23	0.13	0.21	0.10	0.12	0.13	0.09	0.16	0.21	0.21	0.21	0.21	0.12	0.17	0.11	0.23	0.09	0.16	0.06	0.15	0.15	0.20	0.11	0.19	0.31	0.17	0.19	0.10	0.26	0.07	0.35	0.07	0.07	0.19	0.19	0.17
NM_002056|GFPT1|chr2|-	chr2:69546929-69553365	69552527	0.24	0.39	0.30	0.31	0.25	0.33	0.28	0.25	0.34	0.26	0.30	0.28	0.42	0.52	0.35	0.36	0.32	0.38	0.25	0.34	0.37	0.24	0.35	0.40	0.26	0.52	0.49	0.33	0.45	0.42	0.37	0.27	0.31	0.23	NA	0.34	0.41	0.30	0.29	0.42	0.35	0.32	0.44	0.42	0.17	0.32	0.34	0.30	0.46	0.24	0.29
NM_021156|TMX4|chr20|-	chr20:7957997-7963268	7962100	0.29	0.38	0.21	0.37	0.18	0.22	0.22	0.34	0.44	0.32	0.32	0.21	0.29	0.44	0.15	0.38	0.24	0.21	0.38	0.21	0.21	0.20	0.26	0.33	0.47	0.37	0.39	0.27	0.41	0.24	0.31	0.20	0.37	0.38	0.33	0.23	0.30	0.27	0.23	0.29	0.35	0.27	0.31	0.27	0.23	0.36	0.25	0.21	0.28	0.35	0.25
NM_030650|KIAA1715|chr2|-	chr2:176788584-176794927	176793561	0.46	0.52	NA	0.59	0.42	0.68	0.53	0.44	0.58	NA	NA	NA	0.60	0.71	0.60	0.52	0.49	0.84	0.37	0.51	NA	0.53	0.46	0.49	0.45	0.50	0.63	0.32	NA	0.47	0.63	0.48	0.41	0.50	NA	0.85	0.65	0.47	0.56	0.71	0.70	0.52	0.68	0.40	0.37	0.43	0.48	0.60	0.70	0.54	0.52
NM_013321|SNX8|chr7|-	chr7:2292679-2294804	2294654	0.52	0.45	0.36	0.30	0.32	0.29	0.27	0.40	0.52	0.29	0.07	0.25	0.54	0.62	0.59	0.49	0.34	0.60	0.20	0.54	0.36	0.41	0.39	0.28	NA	0.61	0.28	0.31	0.51	0.21	0.52	0.19	0.24	0.14	0.49	0.19	0.56	0.52	0.33	0.27	0.37	0.51	0.39	0.10	0.19	0.49	0.30	0.14	0.44	0.28	0.60
NM_002111|HTT|chr4|+	chr4:3241572-3245677	3242320	0.20	0.23	0.17	0.16	0.13	0.24	0.19	0.25	0.42	0.17	0.15	0.13	0.35	0.38	0.25	0.26	0.14	0.26	0.10	0.27	0.10	0.12	0.19	0.18	0.45	0.33	0.19	0.15	0.24	0.19	0.22	0.12	0.10	0.16	0.28	0.12	0.26	0.30	0.19	0.18	0.19	0.21	0.13	0.18	0.09	0.33	0.24	0.10	0.23	0.13	0.27
NM_198833|SERPINB8|chr18|+	chr18:61654107-61656577	61654593	0.63	0.49	0.44	0.50	0.55	0.57	0.64	NA	0.80	0.52	0.35	0.32	NA	0.71	0.55	0.59	0.45	0.77	0.44	NA	0.38	NA	NA	0.54	0.51	0.63	0.51	NA	NA	0.31	0.73	0.33	0.62	0.53	0.52	0.50	0.69	NA	0.40	0.63	NA	0.69	0.28	0.55	0.20	0.62	0.25	0.23	0.46	0.63	NA
NM_003971|SPAG9|chr17|-	chr17:49039534-49043748	49043047	0.35	0.36	0.36	0.40	0.23	0.39	0.38	0.31	0.41	0.34	0.22	0.17	0.33	0.45	0.43	0.47	0.32	0.45	0.27	0.47	0.37	0.37	0.29	0.36	0.42	0.52	0.48	0.19	0.40	0.43	0.28	0.32	0.35	0.27	0.42	0.30	0.31	0.39	0.27	0.40	0.38	0.31	0.30	0.35	0.27	0.24	0.22	0.27	0.37	0.38	0.48
NM_016131|RAB10|chr2|+	chr2:26357806-26360302	26358049	0.43	0.53	0.50	0.52	0.40	0.54	0.58	0.57	0.53	0.45	0.39	0.36	0.53	0.64	0.47	0.49	0.59	0.67	0.47	0.43	0.70	0.43	0.64	0.56	0.51	0.64	0.59	0.45	0.56	0.57	0.53	0.54	0.45	0.46	0.59	0.47	0.49	0.51	0.38	0.64	0.53	0.49	0.40	0.68	0.52	0.60	0.36	0.48	0.48	0.56	0.55
NM_001195214|YIPF6|chrX|+	chrX:67751722-67757127	67754490	0.32	0.41	0.36	0.28	0.25	0.35	0.40	0.35	0.28	0.46	0.76	0.30	0.43	0.69	0.25	0.40	0.29	0.45	0.24	0.32	0.43	0.37	0.34	0.39	0.37	0.60	0.42	0.22	0.28	0.40	0.55	0.31	0.34	0.31	0.38	0.61	0.45	0.46	0.33	0.42	0.51	0.25	0.36	0.31	0.29	0.45	0.39	0.46	0.38	0.38	0.33
NM_014244|ADAMTS2|chr5|-	chr5:178537836-178541325	178540886	0.85	0.90	0.84	0.89	NA	0.85	0.83	0.83	0.86	0.85	0.83	0.76	NA	0.52	NA	0.82	0.73	0.76	0.82	0.85	NA	0.85	0.80	0.77	NA	NA	NA	0.78	NA	0.84	0.90	NA	0.89	0.89	0.81	NA	0.81	0.90	0.80	0.85	NA	0.76	0.87	NA	NA	0.77	0.87	0.83	0.80	NA	NA
NM_005793|NME6|chr3|-	chr3:48331781-48336293	48335615	0.29	NA	0.29	0.24	0.25	0.34	0.32	0.44	0.49	0.26	0.21	0.20	0.35	0.42	0.32	0.50	0.29	0.46	0.24	0.21	0.22	0.37	0.44	0.38	0.54	0.71	NA	0.35	0.30	0.25	0.50	0.29	0.40	0.24	0.30	NA	0.46	0.54	0.20	0.41	NA	0.26	0.34	NA	0.19	0.34	0.30	0.18	0.47	0.33	0.27
NM_032368|LZIC|chr1|-	chr1:9986359-9990515	9990331	0.44	0.43	0.43	0.51	0.27	0.37	0.39	0.52	0.47	0.47	0.38	0.27	0.50	0.56	0.38	0.49	0.45	0.62	0.38	0.44	0.55	0.42	0.38	0.49	0.59	0.47	0.51	0.35	0.44	0.38	0.59	0.32	0.32	0.32	0.56	0.38	0.68	0.44	0.29	0.53	0.58	0.46	0.41	0.33	0.36	0.58	0.36	0.31	0.56	0.42	0.40
NM_015339|ADNP|chr20|-	chr20:49505543-49511049	49507084	0.48	0.50	0.45	0.75	0.91	0.58	0.64	0.43	0.57	0.63	NA	0.59	0.39	0.74	0.34	0.33	0.34	0.51	0.49	0.72	0.57	0.57	0.44	0.46	0.43	0.49	0.54	0.47	0.28	0.52	0.62	0.48	0.45	0.71	0.54	0.61	0.56	0.49	0.49	0.58	0.90	0.38	0.44	0.45	0.84	0.53	0.83	0.84	0.39	0.43	0.62
NM_001254748|RGS5|chr1|-	chr1:163112086-163117293	163115889	0.34	0.46	0.37	0.42	NA	NA	0.28	0.43	0.49	0.51	0.68	0.40	0.53	0.64	NA	0.50	0.36	0.52	0.43	0.35	0.33	0.47	0.38	0.50	0.55	NA	0.49	0.47	NA	0.39	0.50	0.31	0.41	0.50	0.52	NA	0.48	0.47	NA	0.55	NA	0.39	NA	0.29	NA	0.38	0.39	0.43	0.50	0.34	0.52
NM_003062|SLIT3|chr5|-	chr5:168088776-168093694	168093339	0.23	0.25	NA	NA	NA	0.11	0.12	0.09	0.24	0.16	0.12	0.14	0.18	0.39	NA	0.21	NA	0.25	0.26	NA	NA	0.28	0.15	0.22	NA	NA	NA	0.26	NA	NA	0.12	NA	0.19	0.19	0.20	NA	0.23	NA	NA	0.31	NA	NA	NA	NA	NA	0.24	NA	0.06	0.24	NA	NA
NM_001110792|MECP2|chrX|-	chrX:153286929-153296901	153295769	0.27	0.45	0.19	0.19	0.19	0.21	0.28	0.40	0.59	0.24	0.21	0.23	0.39	0.43	0.35	0.51	0.41	0.40	0.52	0.37	0.10	0.24	0.40	0.28	0.78	0.55	0.60	0.41	0.38	0.24	0.31	0.12	0.17	0.22	0.24	0.15	0.31	0.55	0.23	0.29	0.23	0.32	0.21	0.34	0.11	0.64	0.18	0.08	0.28	0.32	0.50
NM_021159|RAP1GDS1|chr4|+	chr4:99363140-99364998	99363737	0.28	0.30	0.36	0.37	0.32	0.25	0.26	0.27	0.43	0.33	0.40	0.27	0.28	0.43	0.30	0.34	0.26	0.39	0.23	0.28	0.15	0.22	0.18	0.30	0.23	0.29	0.34	0.14	0.22	0.19	0.35	0.17	0.20	0.24	0.32	0.27	0.39	0.21	0.27	0.36	0.39	0.30	0.26	0.21	0.19	0.25	0.23	0.27	0.26	0.30	0.26
NM_001457|FLNB|chr3|+	chr3:58156301-58157973	58156471	0.63	0.77	0.62	0.59	0.49	0.67	0.68	0.75	0.88	0.47	0.77	0.55	0.78	0.88	0.58	0.64	0.61	0.71	0.51	0.76	0.70	0.54	0.65	0.64	0.80	0.85	0.64	0.43	0.52	0.62	0.88	0.50	0.44	0.45	0.84	0.49	0.82	0.69	0.51	0.73	0.83	0.58	0.42	0.55	0.58	0.79	0.68	0.52	0.56	0.69	0.65
NM_014155|ZBTB44|chr11|-	chr11:130096566-130104168	130103085	0.61	0.73	0.53	0.64	0.35	0.46	0.46	0.58	0.67	0.46	0.35	NA	0.54	0.73	0.57	0.63	NA	0.58	0.35	0.68	0.35	0.47	0.31	0.56	0.44	0.72	0.77	0.37	0.60	0.43	0.64	0.26	0.36	0.38	0.62	0.51	0.65	0.78	NA	0.48	0.57	0.62	0.49	0.39	0.31	0.65	0.43	0.30	0.44	0.68	0.74
NM_001145370|PTPN3|chr9|-	chr9:112137968-112141913	112140570	0.31	0.24	0.20	0.38	0.32	0.28	0.16	0.34	0.31	0.30	0.34	0.13	0.26	0.29	0.17	0.31	0.17	0.27	0.15	0.41	NA	0.22	0.15	NA	0.18	0.28	0.16	0.17	0.22	0.23	0.19	0.27	0.22	0.17	0.18	0.14	0.20	0.20	0.29	0.33	0.46	NA	0.20	NA	0.22	0.30	0.29	0.22	0.16	0.26	0.13
NM_144498|OSBPL2|chr20|+	chr20:60868840-60871279	60869904	0.40	0.37	0.52	0.43	0.32	0.45	0.32	0.36	0.39	0.40	0.66	0.31	0.42	0.61	0.30	0.34	0.36	0.52	0.32	0.45	0.45	0.45	0.37	0.35	0.70	0.61	0.53	0.27	0.35	0.54	0.46	0.34	0.68	0.36	0.62	0.32	0.40	0.56	0.36	0.46	0.58	0.24	0.34	0.31	0.42	0.48	0.43	0.54	0.49	0.37	0.33
NM_207318|FAM199X|chrX|+	chrX:103434288-103440579	103436036	0.54	0.83	0.75	0.69	0.34	0.48	0.63	0.48	0.75	0.57	NA	0.39	0.63	NA	0.59	0.53	0.68	0.60	0.29	NA	0.28	0.41	0.42	0.71	0.37	0.63	0.77	0.35	0.57	0.62	0.75	0.34	0.56	0.51	NA	0.70	0.64	0.55	0.53	0.67	0.68	0.65	0.50	0.52	0.30	0.63	0.47	NA	NA	0.46	0.77
NM_013302|EEF2K|chr16|+	chr16:22295207-22300050	22297915	0.66	0.39	0.70	NA	0.42	0.45	0.36	0.32	0.55	0.39	NA	NA	0.40	0.78	0.38	0.37	0.38	0.45	0.16	0.63	0.51	0.32	0.19	0.27	0.37	0.34	0.44	0.20	0.29	0.50	0.67	0.24	0.28	NA	0.55	NA	0.59	0.55	NA	0.50	0.66	0.41	0.29	0.27	NA	0.63	NA	NA	0.32	0.33	0.22
NM_194261|UBE2I|chr16|+	chr16:1374730-1376612	1375280	0.12	0.10	0.11	0.09	0.05	0.08	0.04	0.18	0.09	0.08	0.04	0.05	0.18	0.26	0.07	0.14	0.09	0.12	0.04	0.18	0.09	0.11	0.06	0.11	0.06	0.06	0.07	0.06	0.10	0.09	0.12	0.07	0.05	0.04	0.08	0.05	0.15	0.06	0.08	0.12	0.09	0.10	0.10	0.09	0.06	0.15	0.04	0.10	0.13	0.07	0.06
NM_139207|NAP1L1|chr12|-	chr12:76439967-76441498	76441348	0.36	0.58	0.37	0.53	0.31	0.37	0.57	0.35	0.52	0.37	0.39	0.25	0.39	0.58	0.55	0.52	0.48	0.54	0.39	0.51	0.27	0.45	0.52	0.42	0.36	0.82	0.48	0.20	0.43	0.55	0.60	0.46	0.49	0.39	0.39	0.59	0.65	0.67	0.25	0.48	0.46	0.54	0.45	0.50	0.21	0.53	0.42	0.38	0.37	0.56	0.56
NM_002709|PPP1CB|chr2|+	chr2:29022064-29025807	29023845	0.31	0.28	0.45	0.65	0.43	0.29	0.26	0.20	0.42	0.50	0.75	0.31	0.35	0.75	0.22	0.29	0.23	0.33	0.15	0.51	0.30	0.22	0.22	0.30	0.19	0.24	0.31	0.13	0.20	0.29	0.44	0.20	0.28	0.35	0.36	0.57	0.40	0.25	0.29	0.39	0.63	0.32	0.24	0.33	0.37	0.27	0.42	0.42	0.25	0.23	0.25
NM_004863|SPTLC2|chr14|-	chr14:77972326-77978746	77978484	0.32	0.39	0.29	0.33	0.33	0.30	0.25	0.34	0.53	0.24	0.09	0.17	0.52	0.41	0.40	0.40	0.33	0.49	0.35	0.45	0.20	0.25	0.30	0.34	0.43	0.45	0.38	0.26	0.46	0.25	0.35	0.18	0.37	0.16	NA	0.16	0.44	0.37	0.33	0.32	0.26	0.51	0.28	0.27	0.20	0.42	0.31	0.10	0.38	0.26	0.40
NM_001895|CSNK2A1|chr20|-	chr20:461746-464720	463429	0.44	0.41	0.63	0.60	0.56	0.62	0.60	0.44	0.72	0.49	0.63	0.52	0.58	0.79	0.46	0.45	0.51	0.59	0.41	0.73	0.59	0.41	0.42	0.46	0.41	0.54	0.51	0.33	0.44	0.53	0.67	0.41	0.43	0.51	0.55	0.51	0.69	0.51	0.41	0.57	0.64	0.52	0.48	0.54	0.37	0.68	0.54	0.57	0.45	0.43	0.56
NM_001409|MEGF6|chr1|-	chr1:3404511-3407153	3406524	0.46	0.59	0.37	0.42	NA	0.43	NA	0.43	NA	0.24	0.35	0.75	0.59	0.26	NA	0.36	0.31	0.35	0.42	0.65	0.30	0.12	NA	0.33	NA	0.51	NA	NA	NA	0.59	0.24	NA	0.56	0.35	0.33	0.48	0.60	NA	0.33	0.37	0.49	0.44	NA	NA	0.22	NA	0.51	0.31	0.61	0.56	NA
NM_174909|TMEM167A|chr5|-	chr5:82348659-82352973	82352605	0.39	0.49	0.49	0.45	0.21	0.42	0.29	0.39	0.43	0.32	0.24	0.19	0.42	0.57	0.38	0.41	0.54	0.60	0.40	0.34	0.33	0.41	0.30	0.40	0.31	0.35	0.49	0.31	0.50	0.26	0.47	0.23	0.28	0.37	0.38	0.32	0.37	0.43	0.42	0.54	0.37	0.34	0.24	0.27	0.28	0.36	0.22	0.26	0.37	0.43	0.30
NM_001981|EPS15|chr1|-	chr1:51819951-51822518	51820941	0.46	0.55	0.44	0.57	0.60	0.46	0.51	0.37	0.60	0.69	1.00	0.53	0.53	0.83	0.45	0.52	0.34	0.64	0.40	0.77	0.26	0.46	0.41	0.36	0.34	0.44	0.46	0.30	0.33	0.58	0.55	0.40	0.44	0.67	0.57	0.78	0.45	0.50	0.35	0.53	0.91	0.51	0.34	0.45	0.42	0.45	0.60	0.62	0.45	0.51	0.52
NM_001002264|EPSTI1|chr13|-	chr13:43460562-43462638	43462238	0.22	NA	0.27	0.22	0.12	NA	0.24	NA	0.24	0.19	0.37	NA	0.19	0.37	0.17	0.18	0.25	0.31	0.27	0.26	0.37	0.25	0.20	0.25	0.23	0.22	NA	0.30	0.17	NA	0.36	NA	0.24	0.25	0.21	NA	0.25	0.20	0.14	0.50	NA	0.22	NA	0.19	0.27	NA	NA	0.25	0.24	0.21	0.28
NM_024755|SLTM|chr15|-	chr15:59171249-59172306	59171682	0.56	0.48	0.66	0.63	0.68	0.55	0.62	0.44	0.66	0.81	1.00	0.42	0.57	0.88	0.57	0.66	0.42	0.72	0.59	0.62	0.59	0.57	0.52	0.54	0.60	0.63	0.56	0.32	0.53	0.66	0.75	0.61	0.47	0.74	0.71	0.73	0.59	0.62	0.47	0.65	0.87	0.51	0.43	0.63	0.85	0.46	0.58	0.71	0.47	0.57	0.54
NM_007187|WBP4|chr13|+	chr13:41656839-41658071	41657106	0.37	0.60	0.38	0.34	0.30	0.46	0.52	0.45	0.51	0.53	0.59	0.41	0.42	0.75	0.40	0.59	0.41	0.49	0.37	0.45	0.39	0.38	0.62	0.50	0.64	0.61	0.60	0.38	0.43	0.58	0.54	0.62	0.58	0.54	0.69	0.54	0.43	0.45	0.42	0.60	0.52	0.42	NA	0.76	0.28	NA	0.34	0.53	0.65	0.66	0.46
NM_001170330|C4orf3|chr4|-	chr4:120218234-120219934	120219778	0.22	0.34	0.16	0.24	0.14	0.26	0.29	0.40	0.24	0.24	0.24	0.14	0.29	0.41	0.18	0.27	0.26	0.38	0.28	0.22	0.31	0.25	0.20	0.30	0.27	0.35	0.32	0.22	0.23	0.22	0.23	0.23	0.23	0.26	0.21	0.18	0.23	0.29	0.15	0.35	0.22	0.23	0.16	0.22	0.18	0.27	0.18	0.22	0.27	0.20	0.20
NM_001184790|PARD3|chr10|-	chr10:34398493-34400490	34400169	0.39	0.45	0.62	NA	0.45	0.43	0.50	0.39	0.82	0.32	0.45	0.42	0.54	NA	0.42	0.40	NA	0.50	NA	0.52	0.43	0.33	NA	0.42	0.68	0.62	0.44	0.29	NA	0.50	0.51	0.34	0.44	NA	0.66	0.37	0.44	0.54	0.33	0.51	0.53	0.44	0.29	0.43	0.43	0.55	0.51	0.39	0.34	0.36	0.51
NM_025179|PLXNA2|chr1|-	chr1:208195619-208200683	208200247	0.17	0.37	0.39	0.20	0.36	0.24	0.13	0.30	0.32	0.17	0.16	0.15	0.31	0.42	0.23	0.47	0.15	0.31	0.16	NA	NA	0.29	NA	0.34	0.49	0.82	0.74	0.41	0.35	NA	0.34	0.32	0.40	0.14	0.22	0.16	0.11	NA	0.23	0.39	NA	0.17	0.10	0.52	0.15	0.22	0.17	0.09	0.20	NA	0.07
NM_003403|YY1|chr14|+	chr14:100743754-100749117	100744819	0.32	0.25	0.48	0.21	0.17	0.26	0.11	0.28	0.38	0.21	0.17	0.23	0.37	0.41	0.17	0.25	0.26	0.28	0.10	0.32	0.14	0.19	0.16	0.27	0.12	0.23	0.20	0.21	0.17	0.15	0.29	0.13	0.11	0.17	0.29	0.14	0.35	0.20	0.28	0.32	0.33	0.32	0.16	0.14	0.10	0.37	0.20	0.15	0.26	0.15	0.10
NM_001128620|PAK1|chr11|-	chr11:77032969-77034405	77034135	0.57	0.55	0.54	0.62	0.72	0.52	0.61	0.50	0.70	0.48	0.52	0.42	0.39	0.72	0.53	0.61	0.46	0.60	0.43	0.63	0.76	0.45	0.61	0.45	0.45	0.74	0.47	0.31	0.55	0.50	0.59	0.47	0.53	0.45	0.48	0.63	0.58	0.62	0.56	0.51	0.62	0.60	0.33	0.65	0.78	0.64	0.54	0.43	0.38	0.49	0.64
NM_002069|GNAI1|chr7|+	chr7:79846618-79848705	79847291	0.23	0.32	0.28	0.43	0.37	0.28	0.37	0.25	0.35	0.30	0.42	0.29	0.36	0.46	0.31	0.29	0.20	0.30	0.28	0.33	NA	0.23	0.36	0.24	0.39	0.43	0.47	0.14	0.25	0.31	0.34	0.35	0.32	0.40	0.36	0.46	0.26	0.35	0.19	0.32	0.51	0.25	0.24	0.42	0.13	0.23	0.27	NA	0.30	0.45	0.40
NR_024537|GSTM3|chr1|-	chr1:110278639-110279791	110279635	0.09	0.09	NA	NA	0.05	0.09	0.07	0.08	0.11	0.10	0.07	0.04	0.16	0.22	NA	0.13	0.08	0.19	0.11	0.10	0.08	0.09	0.09	0.12	0.11	0.15	0.13	0.08	0.12	0.08	0.14	0.09	0.07	0.07	0.11	0.09	NA	0.08	0.07	0.12	0.09	0.11	0.08	0.10	0.10	0.10	0.09	0.06	0.12	0.09	0.11
NM_014991|WDFY3|chr4|-	chr4:85590610-85594144	85593649	0.47	0.61	0.56	0.58	0.42	0.53	0.65	0.26	0.62	0.46	0.64	0.35	0.48	0.81	0.42	0.59	0.51	0.59	0.46	0.42	0.26	0.25	NA	NA	0.52	0.55	0.59	0.25	0.51	0.48	0.74	0.38	0.56	0.41	0.67	0.55	0.65	0.38	0.38	0.60	0.52	0.55	0.36	0.65	0.37	0.42	0.35	0.44	0.44	0.44	0.58
NM_015176|FBXO28|chr1|+	chr1:224345053-224349767	224347066	0.68	0.60	0.69	0.54	0.68	0.60	0.55	0.41	0.68	0.54	NA	0.56	0.41	0.77	0.42	0.58	0.45	0.66	0.50	0.39	0.53	0.49	0.40	0.46	0.46	0.52	0.58	0.30	0.49	0.43	0.65	0.40	0.34	0.46	0.72	0.53	0.57	0.34	0.41	0.43	0.65	0.42	0.31	0.42	0.53	0.46	0.51	0.44	0.41	0.50	0.42
NM_020696|KIAA1143|chr3|-	chr3:44790225-44795044	44794799	0.43	0.61	0.54	0.49	0.23	0.54	0.54	0.58	0.50	0.44	0.25	0.33	0.49	0.50	0.40	0.47	0.59	0.64	0.43	0.40	0.31	0.53	0.48	0.58	0.49	0.47	0.55	0.46	0.57	0.41	0.45	0.35	0.26	0.36	0.64	0.25	0.53	0.49	0.41	0.56	0.48	0.39	0.38	0.57	0.26	0.55	0.26	0.28	0.65	0.44	0.37
NM_015630|EPC2|chr2|+	chr2:149543873-149546272	149545077	NA	0.36	NA	0.59	0.38	0.43	0.45	0.35	0.47	0.50	0.58	0.47	NA	0.62	0.22	0.38	NA	0.39	0.29	0.52	NA	NA	0.32	0.43	0.38	0.35	0.42	0.43	0.38	0.42	0.35	0.46	0.35	0.47	NA	0.47	0.49	0.31	NA	NA	0.54	0.38	0.36	0.40	0.55	0.50	0.47	NA	0.46	0.39	0.32
NM_080391|PTP4A2|chr1|-	chr1:32372391-32374561	32374304	0.26	0.28	0.25	0.35	0.21	0.27	0.28	0.37	0.36	0.21	0.21	0.19	0.38	0.49	0.23	0.37	0.30	0.41	0.27	0.30	0.37	0.18	0.29	0.38	0.20	0.44	0.25	0.24	0.25	0.34	0.34	0.22	0.24	0.22	0.27	0.18	0.40	0.31	0.21	0.39	0.25	0.37	0.18	0.31	0.21	0.38	0.23	0.23	0.31	0.18	0.22
NM_032783|CBR4|chr4|-	chr4:169908753-169911479	169911261	NA	0.57	NA	0.38	0.17	0.43	0.44	NA	0.61	NA	0.30	NA	NA	0.58	0.38	0.48	NA	0.57	0.36	0.34	0.34	0.45	0.57	0.40	0.51	0.58	0.52	0.30	0.41	0.47	0.63	0.45	0.46	0.32	NA	0.53	0.51	0.43	0.25	0.46	0.53	NA	0.29	0.53	0.26	0.47	0.23	0.34	0.38	0.62	0.67
NM_006827|TMED10|chr14|-	chr14:75598155-75601709	75601109	0.38	0.42	0.32	0.45	0.37	0.36	0.35	0.33	0.53	0.29	0.27	0.21	0.41	0.44	0.34	0.44	0.32	0.41	0.27	0.35	0.25	0.21	0.29	0.37	0.38	0.49	0.47	0.29	0.37	0.26	0.38	0.32	0.41	0.37	0.39	0.28	0.43	0.37	0.34	0.39	0.45	0.39	0.31	0.43	0.20	0.40	0.30	0.20	0.35	0.34	0.45
NM_006321|ARIH2|chr3|+	chr3:49020631-49023005	49020834	0.61	0.46	0.50	0.56	0.38	0.57	0.51	0.56	0.74	0.53	0.54	0.47	0.63	0.78	0.44	0.48	0.56	0.63	0.37	0.55	0.53	0.45	0.38	0.52	0.42	0.64	0.42	0.34	0.47	0.50	0.59	0.40	0.38	0.42	0.58	0.30	0.63	0.58	0.49	0.61	0.58	0.61	0.32	0.44	0.41	0.71	0.42	0.44	0.46	0.39	0.41
NM_152793|C7orf41|chr7|+	chr7:30197053-30202386	30197918	0.48	0.44	0.38	NA	0.34	0.63	NA	0.60	0.67	0.43	0.19	NA	0.53	0.75	NA	0.39	NA	NA	NA	0.33	0.65	0.34	NA	0.48	0.35	0.81	0.50	0.34	0.55	0.36	0.59	0.32	0.42	NA	NA	0.42	0.51	0.82	0.30	0.44	NA	0.43	NA	0.33	0.21	NA	0.21	0.22	0.47	0.36	NA
NM_001167738|NAV1|chr1|+	chr1:201788964-201796103	201789834	0.30	0.36	NA	0.56	0.46	0.29	0.43	0.46	0.42	0.27	0.35	0.38	0.38	0.56	0.41	0.38	0.34	0.38	0.32	0.53	0.37	0.46	0.50	0.45	0.36	0.62	0.36	0.34	0.38	0.31	0.50	0.36	0.28	0.46	0.45	0.23	0.45	0.40	0.34	0.47	NA	0.47	0.36	0.32	0.52	0.39	0.43	0.42	0.35	NA	NA
NM_004229|MED14|chrX|-	chrX:40508808-40511131	40510887	0.48	0.49	0.54	0.57	0.48	0.53	0.49	0.55	0.74	0.58	0.64	0.36	0.69	0.89	0.48	0.49	0.53	0.65	0.42	0.68	0.43	0.44	0.47	0.52	0.56	0.52	0.58	0.39	0.46	0.54	0.52	0.53	0.44	0.50	0.47	0.49	0.53	0.43	0.39	0.65	0.61	0.51	0.45	0.52	0.67	0.58	0.39	0.62	0.49	0.51	0.53
NM_018697|LANCL2|chr7|+	chr7:55498918-55501733	55499176	0.29	0.39	0.24	0.30	0.27	0.38	0.35	0.28	0.35	0.24	0.23	0.21	0.26	0.53	0.24	0.48	0.29	0.49	0.42	0.27	0.36	0.28	0.48	0.41	0.50	0.68	0.52	0.35	0.38	0.35	0.55	0.34	0.29	0.31	0.49	0.21	0.37	0.48	0.28	0.44	0.41	0.32	0.23	0.25	0.19	0.41	0.27	0.20	0.39	0.33	0.27
NM_001202470|RPS10-NUDT3|chr6|-	chr6:34247437-34256708	34256218	0.20	0.21	0.13	0.19	0.13	0.14	0.12	0.11	0.27	0.11	0.04	0.08	0.28	0.25	0.26	0.18	0.25	0.25	0.18	0.22	0.04	0.10	0.10	0.22	0.12	0.13	0.24	0.17	0.19	0.09	0.15	0.08	0.11	0.10	0.14	0.06	0.19	0.14	0.24	0.26	0.10	0.17	0.11	0.11	0.08	0.25	0.10	0.05	0.17	0.10	0.10
NM_153188|TNPO1|chr5|+	chr5:72204535-72210226	72206047	0.48	0.55	0.37	0.68	0.53	0.39	0.41	0.37	0.58	0.48	0.52	0.35	0.63	0.95	0.51	0.60	0.49	0.52	0.58	0.49	0.35	0.22	0.35	0.37	0.39	0.60	0.58	0.29	0.59	0.48	0.79	0.31	0.50	0.41	0.66	0.45	0.67	0.40	0.47	0.75	0.44	0.70	0.36	0.48	0.15	0.36	0.45	0.30	0.46	0.35	0.51
NM_014547|TMOD3|chr15|+	chr15:52200972-52207902	52204217	0.21	0.13	0.33	0.20	0.16	0.16	0.10	0.11	0.15	0.18	0.18	0.21	0.15	0.28	0.08	0.14	0.19	0.26	0.08	0.14	0.17	0.17	0.18	0.16	0.14	0.09	0.16	0.08	0.13	0.18	0.25	0.14	0.07	0.14	0.26	0.13	0.24	0.17	0.15	0.16	0.20	0.13	0.14	0.08	0.14	0.24	0.14	0.22	0.18	0.12	0.09
NM_001198681|LEPROT|chr1|+	chr1:65897485-65901700	65899344	0.33	0.41	0.49	0.42	0.24	0.38	0.33	0.32	0.47	0.43	0.70	0.53	0.39	0.52	0.23	0.33	0.28	0.56	0.21	0.40	0.56	0.50	0.28	0.32	0.31	0.43	0.43	0.24	0.33	0.27	0.46	0.20	0.27	0.39	0.42	0.78	0.42	0.54	0.23	0.47	0.65	0.27	0.40	0.25	0.28	0.41	0.36	0.68	0.45	0.31	0.30
NM_001083924|C1orf116|chr1|-	chr1:207191662-207196825	207194104	0.37	0.37	0.46	NA	0.65	0.52	0.56	NA	0.61	0.61	NA	0.36	0.48	0.77	0.30	0.49	0.40	0.64	0.33	NA	NA	NA	NA	0.53	0.68	NA	0.44	NA	NA	0.45	0.62	0.43	NA	0.57	NA	0.46	NA	NA	0.26	0.55	NA	0.17	NA	NA	NA	0.31	0.38	NA	NA	NA	0.46
NM_001135570|C12orf73|chr12|-	chr12:104344547-104345408	104345121	NA	0.23	NA	0.36	0.24	0.27	0.21	0.28	0.33	0.37	0.30	0.25	0.29	0.37	NA	0.19	NA	0.33	0.32	0.39	0.26	0.23	0.18	0.32	0.27	0.35	0.30	0.27	0.29	0.28	0.33	0.20	0.29	0.29	0.33	0.31	0.24	0.28	NA	0.23	0.52	0.38	0.19	0.21	0.49	0.33	0.23	0.25	0.29	0.19	0.29
NR_033393|TROVE2|chr1|+	chr1:193053708-193064115	193054732	0.49	0.53	NA	0.51	0.41	0.46	0.46	0.28	0.57	0.40	0.33	0.39	0.43	NA	0.58	0.50	0.45	0.60	0.25	0.49	0.32	0.47	0.43	0.42	0.34	0.60	0.55	0.19	0.54	0.41	0.57	0.27	0.30	0.41	0.63	0.47	0.59	0.55	0.37	0.49	0.56	0.51	0.35	0.33	0.24	0.52	0.46	0.33	0.36	0.42	0.44
NM_000856|GUCY1A3|chr4|+	chr4:156651181-156658201	156651809	0.38	0.41	0.29	0.40	NA	0.31	0.33	NA	0.50	0.41	0.38	NA	NA	0.52	NA	0.48	0.39	0.40	0.39	NA	NA	0.33	0.33	0.35	0.44	NA	0.45	0.36	NA	NA	0.40	NA	0.48	0.43	0.46	NA	0.44	NA	0.40	0.47	0.43	0.32	0.25	0.36	NA	0.41	0.36	0.25	NA	NA	NA
NM_024300|CHCHD7|chr8|+	chr8:57129889-57131150	57130039	0.38	0.46	0.29	0.34	0.31	0.64	0.57	0.46	0.45	0.34	0.25	0.24	0.44	0.77	0.46	0.47	0.42	0.62	0.28	0.45	0.61	0.52	0.31	0.41	0.24	0.71	0.31	0.21	0.55	0.34	0.64	0.43	0.46	0.34	0.35	0.35	0.56	0.58	0.37	0.58	0.27	0.53	0.16	0.28	0.20	0.53	0.32	0.15	0.25	0.44	0.34
NM_018128|TSR1|chr17|-	chr17:2225557-2227668	2227394	0.44	0.39	0.38	0.34	0.39	0.45	0.40	0.35	0.40	0.40	0.53	0.31	0.40	0.65	0.44	0.48	0.44	0.51	0.32	0.37	0.37	0.37	0.39	0.38	0.31	0.44	0.38	0.25	0.45	0.26	0.45	0.35	0.33	0.31	0.45	0.41	0.43	0.36	0.38	0.44	0.32	0.43	0.34	0.30	0.34	0.33	0.27	0.25	0.33	0.43	0.41
NM_012081|ELL2|chr5|-	chr5:95220801-95224691	95223186	0.25	0.21	0.37	0.31	0.23	0.33	0.17	NA	0.32	0.32	0.31	0.17	0.24	0.53	0.25	0.28	0.26	0.30	0.11	0.42	NA	0.29	0.24	0.27	0.18	NA	0.27	0.19	0.22	0.19	0.35	0.15	0.20	0.19	0.27	0.35	0.40	NA	0.14	0.33	0.50	0.27	0.10	0.23	0.20	0.40	0.15	0.20	0.28	0.17	0.17
NM_012218|ILF3|chr19|+	chr19:10799854-10803082	10800442	0.39	0.47	0.58	0.32	0.39	0.41	0.38	0.37	0.54	0.43	0.25	0.32	0.46	0.61	0.44	0.46	0.34	0.45	0.30	0.32	0.29	0.57	0.41	0.29	0.37	0.53	0.46	0.43	0.57	0.28	0.42	0.34	0.37	0.35	0.49	0.45	0.36	0.62	0.58	0.40	0.43	0.27	0.30	0.45	0.29	0.48	0.45	0.26	0.39	0.27	0.29
NM_080591|PTGS1|chr9|+	chr9:125154467-125158004	125155535	0.34	NA	0.32	0.27	0.21	0.24	NA	0.45	0.33	0.27	NA	NA	0.59	0.60	0.21	0.36	0.37	0.40	0.32	NA	NA	0.37	0.30	0.29	NA	0.62	NA	0.40	NA	NA	0.39	NA	0.27	0.39	0.45	NA	0.38	NA	0.21	0.39	NA	0.36	NA	NA	NA	0.45	NA	0.24	NA	NA	0.43
NM_053043|RBM33|chr7|+	chr7:155567686-155574193	155570406	0.48	0.54	NA	NA	NA	NA	NA	0.33	0.30	NA	NA	0.31	0.51	0.72	0.48	0.41	0.26	0.46	0.05	NA	NA	0.23	0.21	0.28	0.27	0.53	0.30	0.38	0.40	NA	0.72	NA	0.17	NA	0.25	0.81	0.37	0.57	NA	0.48	0.69	0.40	0.28	0.19	NA	NA	0.40	NA	0.28	0.54	0.30
NM_006190|ORC2|chr2|-	chr2:201773685-201776110	201775461	0.33	0.43	0.38	0.46	0.39	0.41	0.27	0.37	0.46	0.38	0.41	0.28	0.41	0.50	0.40	0.47	NA	0.50	0.27	0.54	0.45	0.30	0.31	0.33	0.35	0.52	0.38	0.22	0.33	0.38	0.55	0.34	0.37	0.39	NA	0.54	0.36	0.45	0.44	0.32	0.47	0.39	0.29	0.35	0.46	0.34	0.42	0.32	0.34	0.35	0.39
NM_024529|CDC73|chr1|+	chr1:193219805-193223933	193219980	0.37	0.46	0.28	0.44	0.30	0.31	0.39	0.25	0.39	0.33	0.45	0.25	0.43	0.54	0.30	0.37	0.36	0.36	0.30	0.33	0.28	0.22	0.35	0.33	0.35	0.40	0.51	0.24	0.30	0.32	0.42	0.31	0.29	0.36	0.44	0.38	0.34	0.27	0.28	0.42	0.37	0.31	0.29	0.40	0.31	0.29	0.29	0.22	0.29	0.37	0.42
NM_002265|KPNB1|chr17|+	chr17:45759769-45762164	45760951	0.30	0.17	0.27	0.27	0.17	0.25	0.19	0.12	0.26	0.18	0.28	0.23	0.22	0.36	0.20	0.21	0.26	0.23	0.21	0.31	0.35	0.17	0.18	0.19	0.12	0.49	0.18	0.09	0.23	0.15	0.30	0.11	0.19	0.19	0.38	0.14	0.28	0.25	0.17	0.15	0.24	0.30	0.10	0.13	0.25	0.25	0.15	0.13	0.16	0.11	0.32
NM_004520|KIF2A|chr5|+	chr5:61681310-61682550	61682066	0.31	0.38	0.31	0.51	0.44	0.35	0.32	0.47	0.51	0.37	NA	0.39	0.37	0.53	0.31	0.45	0.39	0.48	0.40	0.40	0.39	0.27	0.34	0.35	0.42	0.37	0.48	0.29	0.35	0.37	0.32	0.35	0.41	0.46	0.37	0.54	0.38	0.32	0.27	0.50	0.46	0.28	0.45	0.52	0.41	0.35	0.35	0.53	0.30	0.38	0.41
NM_003079|SMARCE1|chr17|-	chr17:38783981-38785245	38785054	0.41	0.44	0.28	0.38	0.43	0.39	0.45	0.29	0.45	0.42	0.62	0.20	0.31	0.40	0.37	0.44	0.39	0.56	0.50	0.38	0.32	0.24	0.29	0.29	0.42	0.52	0.38	0.22	0.29	0.30	0.43	0.28	0.26	0.55	0.39	0.22	0.38	0.34	0.37	0.34	0.47	0.35	0.27	0.47	0.38	0.41	0.37	0.25	0.22	0.38	0.15
NM_024345|DCAF10|chr9|+	chr9:37861136-37868039	37861955	0.31	0.43	0.21	0.31	0.24	0.32	0.32	0.32	0.46	0.37	0.51	0.25	0.24	0.54	0.34	0.52	0.34	0.48	0.32	0.33	0.22	0.20	0.33	0.31	0.31	0.49	0.54	0.23	0.44	0.32	0.35	0.31	0.33	0.25	0.32	0.38	0.34	0.27	0.22	0.41	0.45	0.32	0.28	0.59	0.25	0.33	0.20	0.20	0.37	0.37	0.35
NM_181787|DPY19L4|chr8|+	chr8:95801973-95806078	95803923	0.60	0.79	NA	0.82	0.57	0.88	0.67	0.47	0.48	NA	NA	0.72	NA	NA	0.34	0.69	0.52	0.96	0.30	0.62	NA	0.83	0.74	0.48	0.59	0.51	0.60	0.25	0.48	0.74	0.71	0.77	0.37	0.40	0.86	NA	0.66	0.57	NA	0.73	0.94	0.62	0.92	0.45	0.36	0.67	0.69	NA	0.84	0.59	0.68
NM_007110|TEP1|chr14|-	chr14:20833821-20836718	20836542	0.50	0.51	NA	0.47	0.54	0.58	NA	0.26	0.62	0.30	0.43	0.28	0.57	0.62	0.43	NA	0.49	0.67	0.34	NA	0.57	0.29	0.48	NA	0.47	0.61	0.44	0.24	0.48	0.59	NA	NA	0.54	0.31	NA	0.36	NA	0.48	0.31	NA	NA	0.47	0.27	0.34	0.31	0.49	0.35	0.27	0.47	0.55	0.45
NR_033404|BMP1|chr8|+	chr8:22058630-22059314	22058936	0.14	0.23	0.14	0.09	0.12	0.12	0.14	0.25	0.21	0.07	0.09	0.17	0.24	0.87	0.18	0.22	0.11	0.33	0.07	0.08	NA	0.09	0.12	0.11	0.13	NA	NA	0.39	0.19	NA	0.10	NA	0.11	0.07	0.07	0.30	0.16	0.21	0.10	0.21	0.15	0.15	0.12	NA	0.08	0.08	0.11	0.12	0.17	0.29	0.14
NM_001537|HSBP1|chr16|+	chr16:83845025-83846593	83845232	0.32	0.26	0.25	0.31	0.17	0.30	0.27	0.28	0.41	0.27	0.25	0.18	0.37	0.38	0.24	0.25	0.37	0.38	0.28	0.28	0.30	0.26	0.21	0.37	0.30	0.39	0.24	0.20	0.21	0.28	0.45	0.17	0.23	0.25	0.30	0.17	0.47	0.32	0.16	0.36	0.36	0.20	0.18	0.25	0.29	0.36	0.27	0.15	0.33	0.23	0.21
NM_018279|TMEM19|chr12|+	chr12:72094611-72097852	72095768	0.64	0.43	0.63	0.52	0.45	0.49	0.49	0.37	0.51	0.59	0.62	0.61	0.61	0.69	0.32	0.49	0.49	0.55	0.33	0.49	0.82	0.49	0.53	0.40	0.43	0.49	0.44	0.35	0.52	0.46	0.60	0.54	0.36	0.63	0.64	0.59	0.49	0.44	NA	0.54	0.49	0.68	0.34	0.43	0.47	0.53	0.49	0.38	0.39	0.45	0.50
NM_000240|MAOA|chrX|+	chrX:43603613-43606072	43603949	0.49	0.43	0.49	NA	0.37	0.50	0.48	0.41	0.53	0.44	0.32	0.30	0.47	0.67	0.51	0.52	0.45	0.57	0.42	0.57	NA	0.39	0.31	0.60	0.54	0.54	0.45	0.35	0.67	0.34	0.58	0.33	0.49	0.45	0.60	0.47	0.50	NA	0.29	0.50	0.47	0.47	0.29	0.51	0.30	0.52	0.34	0.35	0.38	0.45	0.55
NM_016277|RAB23|chr6|-	chr6:57050453-57055398	57053645	0.17	0.20	0.18	0.23	0.17	0.14	0.19	0.13	0.21	0.22	0.41	0.21	0.15	0.34	0.10	0.19	0.15	0.19	0.14	0.22	0.11	0.09	0.11	0.18	0.13	NA	0.17	0.07	NA	0.13	0.11	0.06	0.10	0.14	0.17	0.22	0.14	0.08	NA	0.20	0.22	0.17	0.21	NA	0.18	0.13	0.09	NA	0.23	0.06	0.11
NM_203458|NOTCH2NL|chr1|+	chr1:145281954-145284622	145282104	0.14	0.24	0.09	0.09	0.04	0.07	0.07	0.10	0.20	0.07	0.03	0.04	0.17	0.14	0.23	0.19	0.08	0.17	0.07	0.09	0.05	0.05	0.12	0.07	0.16	0.18	0.13	0.06	0.22	0.05	0.10	0.05	0.09	0.11	0.08	0.11	0.12	0.18	0.06	0.08	0.11	0.15	0.07	0.11	0.05	0.13	0.07	0.03	0.09	0.19	0.16
NM_020156|C1GALT1|chr7|+	chr7:7283154-7288247	7283846	0.29	0.25	0.22	0.26	0.10	0.19	0.15	0.26	0.36	0.23	0.14	0.10	0.31	0.38	0.26	0.32	0.26	0.30	0.22	0.36	0.17	0.17	0.22	0.24	0.20	0.29	0.35	0.37	0.36	0.31	0.22	0.18	0.29	0.23	0.28	0.15	0.32	0.31	0.20	0.30	0.37	0.34	0.16	0.28	0.13	NA	0.20	0.13	NA	0.29	0.21
NM_006218|PIK3CA|chr3|+	chr3:178951881-178957897	178952591	0.23	0.35	0.29	0.29	0.21	0.30	0.30	0.26	0.34	0.23	0.15	0.21	0.31	0.49	0.21	0.30	0.27	0.26	0.20	0.34	0.20	0.22	0.23	0.25	0.28	0.36	0.37	0.21	0.29	0.28	0.30	0.28	0.26	0.21	0.34	0.29	0.26	0.24	0.21	0.38	0.24	0.30	0.22	0.32	0.27	0.25	0.19	0.20	0.26	0.29	0.40
NM_001162916|TYW3|chr1|+	chr1:75229577-75232344	75230036	0.30	0.56	0.24	0.38	0.30	0.41	0.41	0.36	0.57	0.30	0.26	0.27	0.42	0.61	NA	0.58	0.53	0.61	0.32	0.33	NA	0.26	0.40	0.41	0.38	0.72	0.58	0.29	0.34	0.15	0.52	0.36	0.38	0.29	0.45	0.35	0.51	0.30	0.31	0.42	0.35	0.43	0.30	0.47	0.13	0.39	0.24	0.25	0.39	0.38	0.37
NM_170665|ATP2A2|chr12|+	chr12:110784005-110788883	110784733	0.20	0.18	0.19	0.15	0.14	0.20	0.11	0.17	0.23	0.16	0.15	0.11	0.34	0.33	0.18	0.23	0.15	0.21	0.10	0.23	0.15	0.13	0.11	0.18	0.11	0.14	0.12	0.15	0.20	0.16	0.19	0.11	0.16	0.10	0.29	0.13	0.24	0.15	0.16	0.19	0.19	0.21	0.13	0.19	0.10	0.30	0.15	0.15	0.22	0.17	0.11
NM_012474|UCK2|chr1|+	chr1:165876920-165880838	165877273	0.21	0.28	0.19	0.10	0.29	0.31	0.19	0.20	0.25	0.16	0.05	0.10	0.23	NA	0.37	0.33	0.30	0.35	0.19	0.30	0.37	0.18	0.27	0.22	0.26	0.47	0.30	0.20	0.28	0.18	0.38	0.20	0.22	0.10	0.27	0.05	0.38	0.34	0.19	0.18	0.23	0.26	0.13	0.32	0.08	0.28	0.12	0.08	0.24	0.13	0.19
NM_004804|CIAO1|chr2|+	chr2:96936848-96939878	96937180	0.31	0.47	0.37	0.25	0.24	0.36	0.38	0.32	0.53	0.35	0.47	0.25	0.36	0.53	0.37	0.54	0.36	0.47	0.26	0.40	0.35	0.24	0.34	0.33	0.53	0.66	0.52	0.27	0.39	0.37	0.49	0.31	0.40	0.29	0.45	0.34	0.39	0.48	0.20	0.39	0.44	0.34	0.36	0.45	0.21	0.28	0.37	0.20	0.36	0.35	0.44
NM_016422|RNF141|chr11|-	chr11:10533175-10536613	10536338	0.40	0.71	0.33	0.47	0.41	0.49	0.77	0.54	0.76	0.59	0.37	0.37	0.50	0.73	0.67	0.75	0.47	0.77	0.69	0.66	0.59	0.40	0.50	0.57	0.60	0.87	0.77	0.46	0.71	0.63	0.66	0.51	0.66	0.44	0.56	0.58	0.37	0.71	0.37	0.68	0.69	0.59	0.57	0.75	0.49	0.61	0.54	0.44	0.51	0.78	0.75
NM_024583|SCRN3|chr2|+	chr2:175292440-175294780	175292878	0.45	0.32	0.26	0.22	0.23	0.48	0.41	0.43	0.49	0.27	0.20	0.23	0.45	0.45	0.37	0.40	NA	0.42	0.16	0.32	0.43	0.40	0.29	0.32	0.29	0.35	0.34	0.20	NA	0.32	0.47	0.24	0.33	0.40	NA	0.35	0.31	0.30	0.40	NA	0.32	0.46	0.32	0.43	0.18	0.36	0.21	0.25	0.41	0.46	0.19
NM_005669|REEP5|chr5|-	chr5:112212103-112214532	112214382	0.18	0.31	0.15	0.20	0.10	0.15	0.22	0.21	0.32	0.18	0.19	0.15	0.27	0.28	0.16	0.24	0.16	0.26	0.15	0.17	0.17	0.18	0.19	0.22	0.23	0.40	0.28	0.10	0.25	0.20	0.28	0.20	0.27	0.16	0.19	0.31	0.28	0.25	0.16	0.20	0.23	0.19	0.20	0.24	0.09	0.30	0.24	0.14	0.27	0.28	0.34
NM_020347|LZTFL1|chr3|-	chr3:45865509-45867824	45867507	0.48	0.44	0.47	0.58	0.39	0.44	0.46	0.56	0.62	0.42	0.53	NA	0.53	0.70	0.40	0.55	0.45	0.53	0.49	0.46	0.42	0.36	0.45	0.43	0.36	0.59	NA	0.36	0.41	0.44	0.60	0.41	0.42	0.50	0.60	0.33	0.59	0.52	0.44	0.62	0.56	0.50	0.27	0.43	0.27	0.56	NA	0.26	0.32	0.43	0.47
NM_020123|TM9SF3|chr10|-	chr10:98277903-98282087	98280488	0.11	0.14	0.23	0.13	0.05	0.13	0.11	0.13	0.22	0.12	0.26	0.09	0.21	0.31	0.09	0.14	0.10	0.15	0.06	0.23	0.13	0.09	0.11	0.16	0.08	0.14	0.17	0.08	0.11	0.18	0.16	0.08	0.10	0.14	0.17	0.15	0.20	0.13	0.07	0.19	0.19	0.09	0.11	0.14	0.06	0.17	0.11	0.17	0.13	0.13	0.10
NM_005885|MARCH6|chr5|+	chr5:10433705-10437966	10433923	0.28	0.42	0.22	0.29	0.23	0.27	0.41	0.22	0.45	0.28	0.21	0.21	0.34	0.42	0.30	0.40	0.23	0.40	0.33	0.28	0.24	0.22	0.39	0.31	0.38	0.40	0.47	0.10	0.33	0.33	0.34	0.34	0.26	0.25	0.42	0.32	0.32	0.32	0.20	0.38	0.38	0.28	0.35	0.49	0.20	0.30	0.25	0.24	0.35	0.36	0.44
NM_001167856|SBNO1|chr12|-	chr12:123773641-123780597	123779258	0.36	0.20	0.36	0.13	0.14	0.24	0.17	0.19	0.33	0.18	0.08	0.11	0.23	0.31	0.22	0.23	0.20	0.24	0.08	0.43	0.13	0.17	0.15	0.17	0.15	0.28	0.28	0.19	0.24	0.21	0.32	0.12	0.11	0.08	0.39	0.11	0.25	0.33	0.14	0.20	0.26	0.26	0.13	0.18	0.07	0.32	0.18	0.19	0.22	0.18	0.22
NM_201430|RTN3|chr11|+	chr11:63525627-63530298	63527179	0.19	0.14	0.18	0.17	0.09	0.11	0.08	0.16	0.14	0.14	0.12	0.07	0.17	0.09	0.08	0.15	0.19	0.15	0.06	0.23	0.06	0.12	0.04	0.07	0.12	0.06	0.09	0.09	0.05	0.18	0.13	0.09	0.11	0.16	0.13	0.10	0.07	0.10	0.12	0.11	0.26	0.09	0.12	0.08	0.26	0.13	0.09	0.09	0.16	0.25	0.10
NM_018981|DNAJC10|chr2|+	chr2:183641847-183644557	183642673	0.32	0.39	0.27	0.44	0.36	0.29	0.38	0.30	0.43	0.36	0.61	0.25	0.37	0.44	0.27	0.28	0.26	0.39	0.30	0.37	0.22	0.22	0.29	0.30	0.37	0.31	0.43	0.26	0.26	0.37	0.41	0.27	0.27	0.44	0.40	0.31	0.37	0.30	0.33	0.35	0.51	0.33	0.32	0.26	0.34	0.33	0.43	0.24	0.32	0.30	0.38
NM_018299|UBE2W|chr8|-	chr8:74699831-74706350	74705377	0.27	0.35	0.20	0.37	0.32	0.28	0.24	0.23	0.35	0.27	0.41	0.23	0.34	0.42	0.30	0.27	0.24	0.32	0.23	0.40	0.35	0.19	0.31	0.27	0.37	0.43	0.42	0.27	0.27	0.24	0.31	0.23	0.27	0.30	0.42	0.39	0.31	0.26	0.20	0.33	0.44	0.24	0.27	0.40	0.26	0.25	0.25	0.31	0.26	0.39	0.36
NM_052950|WDFY2|chr13|+	chr13:52333875-52340944	52334093	0.19	0.35	0.36	0.23	0.22	0.25	0.29	0.19	0.40	0.21	0.15	0.25	0.51	NA	0.37	0.45	0.43	0.44	0.22	0.27	NA	0.21	NA	NA	0.25	NA	0.41	0.21	0.35	0.30	0.48	0.27	NA	0.17	0.53	0.30	0.35	0.34	0.28	0.37	0.25	0.34	NA	0.30	0.14	NA	0.22	0.12	0.37	0.24	0.38
NM_024632|SAP30L|chr5|+	chr5:153835459-153840593	153835656	0.32	0.27	0.12	0.26	0.12	0.27	0.17	0.32	0.35	0.20	0.09	0.08	0.19	0.35	0.34	0.32	0.28	0.34	0.24	0.30	0.24	0.24	0.21	0.32	0.32	0.48	0.38	0.17	0.24	0.19	0.26	0.17	0.23	0.20	0.25	0.09	0.35	0.27	0.23	0.25	0.23	0.19	0.19	0.31	0.11	0.28	0.09	0.08	0.29	0.23	0.23
NM_015556|SIPA1L1|chr14|+	chr14:72205734-72207747	72206037	0.17	0.15	0.12	0.17	0.09	0.12	0.18	0.24	0.24	0.14	0.11	0.08	0.17	0.34	0.18	0.17	0.17	0.17	0.12	0.13	0.14	0.11	0.15	NA	0.11	0.33	0.09	0.07	0.21	0.14	0.25	0.10	0.18	0.10	NA	0.10	0.21	0.21	0.17	0.26	0.13	0.28	0.07	0.18	0.11	0.21	0.10	0.07	0.09	0.21	0.14
NM_022100|MRPS14|chr1|-	chr1:174980587-174983987	174983649	0.13	0.13	0.11	0.09	0.06	0.09	0.08	0.15	0.14	0.09	0.12	0.07	0.15	0.25	0.10	0.14	0.15	0.20	0.07	0.12	0.09	0.10	0.08	0.11	0.11	0.17	0.14	0.09	0.13	0.09	0.14	0.05	0.10	0.09	0.10	0.10	0.13	0.16	0.07	0.16	0.11	0.14	0.06	0.07	0.05	0.13	0.08	0.05	0.10	0.10	0.08
NM_130834|OPA1|chr3|+	chr3:193412394-193415569	193412751	0.38	0.77	0.54	0.47	0.37	0.44	0.61	0.47	0.64	0.45	0.40	0.35	0.46	0.67	0.42	0.54	0.47	0.54	0.39	0.53	0.70	0.44	0.52	0.53	0.39	0.82	0.51	0.37	0.50	0.44	0.57	0.39	0.47	0.45	0.69	0.72	0.51	0.57	0.45	0.62	0.52	0.47	0.48	0.49	0.38	0.51	0.32	0.41	0.44	0.66	0.61
NM_024594|PANK3|chr5|-	chr5:167975510-167984626	167984010	0.52	0.62	NA	0.59	0.32	0.59	0.38	0.30	0.70	0.38	0.20	0.48	0.68	0.72	0.65	0.62	0.55	0.68	0.31	0.55	0.38	0.40	0.40	0.47	0.37	0.73	0.68	0.52	0.55	0.28	0.60	0.27	0.29	0.36	NA	0.39	0.56	0.52	0.51	0.56	0.31	0.56	0.30	0.52	0.14	0.52	0.33	0.26	0.47	0.60	0.52
NM_018319|TDP1|chr14|+	chr14:90509413-90511093	90509611	NA	0.27	0.28	0.29	0.27	0.36	0.36	0.34	0.35	0.27	0.31	0.16	0.34	0.41	0.45	NA	NA	0.44	0.32	0.35	0.43	0.23	0.24	NA	0.29	0.50	0.28	0.17	0.40	0.33	NA	0.36	0.27	0.24	NA	0.24	0.39	0.34	0.27	NA	0.28	0.30	0.29	0.40	0.22	0.34	0.24	0.30	0.29	0.33	0.33
NM_001037174|ARL5A|chr2|-	chr2:152653226-152659838	152657578	0.25	0.18	0.37	0.19	0.19	0.28	0.13	0.18	0.28	0.15	0.15	0.24	0.24	0.26	0.29	0.22	0.16	0.23	0.15	0.30	0.25	0.26	0.12	0.22	0.10	0.24	0.19	0.15	0.17	0.16	0.21	0.13	0.18	0.19	0.25	0.22	0.31	0.29	0.20	0.26	0.19	0.21	0.12	0.14	0.06	0.33	0.21	0.24	0.15	0.21	0.18
NM_019009|TOLLIP|chr11|-	chr11:1295601-1298483	1297937	0.47	0.51	0.49	0.38	0.74	0.42	0.54	0.33	0.76	0.38	0.48	0.37	0.50	0.57	0.51	0.51	0.29	0.49	0.44	0.61	0.37	0.34	0.53	0.39	0.58	0.54	0.58	0.42	0.43	0.50	0.46	0.40	0.41	0.38	0.44	0.41	0.46	0.46	0.36	0.33	0.50	0.33	0.38	0.40	0.33	0.49	0.41	0.37	0.45	0.27	0.44
NM_138799|MBOAT2|chr2|-	chr2:8992818-8999034	8998289	0.19	0.22	0.19	0.14	0.12	0.27	0.13	0.26	0.38	0.14	0.07	0.10	0.32	0.33	0.30	0.24	0.20	0.24	0.17	0.31	0.11	0.14	0.17	0.24	0.18	0.33	0.23	0.18	0.23	0.18	0.20	0.11	0.18	0.10	0.29	0.15	0.24	0.27	0.12	0.23	NA	0.22	0.11	0.26	0.09	0.30	0.14	0.06	0.23	0.19	0.29
NM_201542|MED8|chr1|-	chr1:43849605-43850777	43850534	0.40	0.35	0.41	0.43	0.37	0.39	0.57	0.24	0.47	0.44	0.64	0.28	0.43	0.57	0.44	0.39	0.39	0.48	0.35	0.46	0.51	0.32	0.33	0.49	0.36	0.46	0.54	0.32	0.36	0.35	0.36	0.34	0.51	0.41	0.44	0.53	0.45	0.37	0.25	0.55	0.34	0.33	0.22	0.30	0.33	0.44	0.26	0.36	0.35	0.30	0.33
NM_001112736|FAM208A|chr3|-	chr3:56654155-56657871	56657057	0.44	0.42	0.35	0.49	0.32	0.42	0.26	0.47	0.35	0.40	0.48	0.23	0.39	0.49	0.19	0.50	0.47	0.35	0.30	0.23	0.17	0.19	0.31	0.30	0.33	0.28	0.35	0.18	0.34	0.29	0.62	0.24	0.40	0.36	0.54	0.32	0.55	0.18	0.35	0.38	0.65	0.30	0.34	0.52	0.21	0.39	0.44	0.33	0.42	0.46	0.26
NM_005151|USP14|chr18|+	chr18:211132-212022	211282	0.87	0.90	0.88	0.99	0.94	0.90	0.92	0.92	0.88	0.96	0.98	0.90	0.84	0.90	0.83	0.89	0.89	0.90	0.86	0.92	0.89	0.88	0.78	0.83	0.85	0.90	0.90	0.87	0.88	0.95	0.90	0.88	0.87	0.88	0.89	0.96	0.92	0.86	0.87	0.88	0.96	0.78	0.93	0.93	0.95	0.81	0.91	0.97	0.84	0.94	0.87
NR_033417|GTF2H2B|chr5|+	chr5:69743060-69746168	69743279	0.19	0.25	0.27	0.23	0.14	0.32	0.26	0.27	0.30	0.17	0.07	0.07	0.17	0.39	0.20	0.18	0.27	0.34	0.12	NA	0.29	0.17	0.17	0.36	0.23	0.36	0.19	0.17	0.36	0.16	0.35	0.14	0.14	0.12	0.20	0.25	0.34	0.21	NA	0.36	0.13	0.13	0.12	0.27	0.09	0.25	0.10	0.14	0.18	0.19	0.22
NM_001144968|NEDD4L|chr18|+	chr18:56063398-56068766	56063739	0.07	0.16	0.13	0.14	0.10	0.11	0.14	0.09	0.22	0.11	0.10	0.08	0.21	0.24	0.09	0.20	0.07	0.19	0.08	0.16	0.09	0.07	0.11	0.14	0.19	0.16	0.11	0.04	0.13	0.15	0.16	0.09	0.06	0.10	0.23	0.10	0.12	0.12	0.07	0.14	0.14	0.12	0.13	0.13	0.07	0.18	0.12	0.08	0.15	0.15	0.18
NM_017653|DYM|chr18|-	chr18:46567853-46570574	46570212	0.24	0.20	0.21	0.19	0.22	0.27	0.26	0.28	0.31	0.15	0.13	0.15	0.37	0.44	0.19	0.26	0.28	0.27	0.15	0.23	0.19	0.20	0.22	0.23	0.18	0.33	0.24	0.19	0.26	0.20	0.34	0.17	0.21	0.16	0.29	0.17	0.34	0.29	0.20	0.36	0.14	0.28	0.09	0.23	0.13	0.41	0.19	0.15	0.24	0.17	0.20
NM_006246|PPP2R5E|chr14|-	chr14:63838067-63842826	63841603	0.28	0.26	0.33	0.41	0.32	0.29	0.23	0.26	0.40	0.38	0.41	0.30	0.31	0.46	0.25	0.27	0.25	0.33	0.20	0.36	0.40	0.25	0.22	0.28	0.20	0.31	0.22	0.14	0.27	0.29	0.36	0.20	0.25	0.32	NA	0.33	0.40	0.26	0.23	0.31	0.47	0.32	0.24	0.25	0.29	0.28	0.33	0.32	0.24	0.28	0.25
NM_001609|ACADSB|chr10|+	chr10:124813210-124817815	124813881	NA	NA	0.58	0.60	NA	NA	0.59	0.51	0.65	0.64	NA	NA	NA	NA	0.52	0.58	0.50	0.58	0.36	0.52	0.43	0.45	NA	0.42	0.49	0.86	0.55	0.29	NA	0.54	0.62	0.32	NA	0.40	NA	NA	0.55	0.72	NA	0.51	0.50	NA	0.37	0.51	0.31	NA	0.49	0.35	0.39	0.42	0.70
NM_020177|FEM1C|chr5|-	chr5:114856427-114861314	114858496	0.27	0.26	NA	NA	0.42	0.19	0.36	NA	0.46	NA	NA	NA	0.25	0.57	0.21	0.28	0.28	0.29	0.27	NA	NA	NA	NA	0.28	0.36	0.30	0.40	0.25	0.29	0.26	NA	0.23	NA	NA	NA	0.46	NA	0.29	0.17	0.40	NA	0.26	0.34	NA	NA	NA	0.30	NA	0.28	NA	0.46
NM_021940|SMAP1|chr6|+	chr6:71569902-71571707	71570846	0.63	0.33	0.60	0.53	0.57	0.38	0.30	0.24	0.48	0.47	0.73	0.35	0.42	0.61	0.24	0.31	0.38	0.40	0.25	0.57	0.57	0.71	0.26	0.38	0.31	0.43	0.36	0.22	0.67	0.37	0.41	0.40	0.30	0.58	0.56	0.30	0.49	0.46	0.30	0.36	0.69	0.38	0.26	0.22	0.56	0.42	0.58	0.31	0.25	0.21	0.27
NM_032682|FOXP1|chr3|-	chr3:71003442-71008542	71005330	0.29	NA	0.33	0.47	0.29	NA	0.35	0.29	NA	0.50	0.85	0.29	NA	0.73	0.17	0.33	0.31	0.30	0.31	NA	0.31	0.29	0.31	0.32	NA	0.57	NA	0.21	0.29	NA	0.45	NA	0.26	0.46	0.27	NA	0.33	0.27	0.21	0.51	NA	0.23	NA	NA	NA	0.33	0.36	NA	NA	0.28	0.26
NM_005402|RALA|chr7|+	chr7:39745721-39747719	39745871	0.55	0.48	0.39	0.57	0.44	0.49	0.50	0.59	0.62	0.60	0.53	0.31	0.46	0.73	0.56	0.54	0.52	0.74	0.40	0.54	0.61	0.41	0.57	0.54	0.54	0.67	0.42	0.45	0.56	0.46	0.59	0.44	0.50	0.43	0.62	0.39	0.57	0.58	0.48	0.58	0.60	0.51	0.33	0.61	0.56	0.65	0.45	0.47	0.49	0.50	0.54
NM_018003|UACA|chr15|-	chr15:70946983-70949466	70949311	0.20	0.23	0.12	0.21	0.16	0.15	0.28	0.20	0.31	0.20	0.31	0.17	0.27	0.36	NA	0.30	0.22	0.35	0.31	0.19	NA	0.13	0.24	0.25	0.20	0.32	0.29	0.21	0.22	0.24	0.25	0.14	0.38	0.30	0.21	0.16	0.30	0.24	NA	0.32	0.19	0.21	NA	NA	0.12	0.25	0.15	0.12	0.26	0.18	0.21
NM_001206652|SH3GLB1|chr1|+	chr1:87208810-87213858	87209206	0.27	0.31	0.20	0.20	0.11	0.24	0.17	0.22	0.37	0.16	0.10	0.14	0.28	0.35	0.26	0.31	0.34	0.26	0.26	0.24	0.18	0.18	0.24	0.28	0.17	0.35	0.22	0.24	0.28	0.20	0.30	0.15	0.25	0.15	0.21	0.15	0.33	0.24	0.18	0.32	0.20	0.25	0.14	0.25	0.14	0.35	0.13	0.09	0.29	0.27	0.22
NM_016094|COMMD2|chr3|-	chr3:149456257-149459505	149458710	0.34	0.36	0.39	0.40	0.25	0.37	0.31	0.32	0.45	0.40	0.32	0.23	0.47	0.53	0.36	0.42	0.49	0.43	0.20	0.30	0.30	0.28	0.33	0.39	0.31	0.46	0.46	0.22	0.31	0.25	0.41	0.29	0.40	0.28	0.53	0.36	0.42	0.37	0.35	0.57	0.58	0.37	0.30	0.41	0.37	0.40	0.31	0.27	0.42	0.37	0.30
NM_032582|USP32|chr17|-	chr17:58254574-58256789	58256522	0.34	0.46	0.28	0.52	0.30	0.40	0.42	0.35	0.49	0.30	0.36	0.28	0.49	0.60	0.31	0.39	0.26	0.53	0.20	0.39	0.21	0.28	0.37	0.31	0.45	0.48	0.50	0.24	0.35	0.41	0.44	0.37	0.26	0.28	0.42	0.35	0.51	0.36	0.24	0.47	0.45	0.43	0.40	0.51	0.30	0.42	0.43	0.32	0.42	0.54	0.54
NM_152388|TMEM237|chr2|-	chr2:202484950-202489045	202488571	0.20	0.23	0.29	0.12	0.05	0.30	0.10	0.15	0.30	0.10	0.06	0.08	0.27	0.49	0.12	0.22	0.22	0.22	0.06	0.22	0.29	0.21	0.09	0.23	0.08	0.29	0.19	0.12	0.15	0.13	0.14	0.12	0.10	0.09	NA	0.16	0.24	0.16	0.13	NA	0.14	0.19	0.12	0.14	0.06	0.21	0.06	0.15	0.17	0.13	0.06
NR_003930|LOC387647|chr10|+	chr10:29709419-29716571	29711169	0.30	0.38	0.28	NA	0.23	0.27	0.31	NA	0.41	NA	0.41	0.25	0.26	NA	0.21	0.31	0.42	NA	0.27	0.40	0.25	0.28	0.28	0.37	0.30	0.38	NA	NA	0.33	0.18	0.45	NA	0.21	0.31	0.41	NA	0.27	0.34	0.23	NA	NA	NA	0.19	NA	NA	NA	0.23	0.23	0.26	0.22	0.31
NM_170692|RASAL2|chr1|+	chr1:178442209-178448098	178443136	0.64	0.55	0.65	0.60	NA	0.65	NA	0.40	NA	NA	0.39	NA	0.64	0.83	0.62	0.61	0.71	0.71	0.59	NA	NA	0.33	0.57	NA	0.52	NA	0.62	0.43	0.66	0.52	NA	0.34	0.62	0.54	0.59	NA	0.61	0.62	0.46	0.65	0.55	0.75	0.48	0.46	0.28	NA	0.40	0.29	0.50	NA	0.72
NM_005008|NHP2L1|chr22|-	chr22:42069962-42071199	42070897	0.27	0.43	0.26	0.34	0.38	0.33	0.37	0.18	0.42	0.27	0.27	0.16	0.34	0.52	0.33	0.39	0.37	0.45	0.38	0.39	0.42	0.34	0.52	0.34	0.41	0.53	0.43	0.21	0.29	0.34	0.44	0.36	0.33	0.25	0.46	0.27	0.38	0.37	0.30	0.43	0.33	0.27	0.27	0.44	0.27	0.45	0.38	0.36	0.38	0.26	0.45
NM_018353|MIS18BP1|chr14|-	chr14:45672413-45673415	45673221	NA	0.50	NA	0.80	0.84	0.41	0.53	0.67	0.56	NA	0.55	0.35	0.52	0.55	0.54	NA	NA	0.66	0.60	0.63	0.56	0.36	0.70	NA	0.55	0.57	0.62	0.38	0.46	0.61	0.75	0.47	0.52	0.43	NA	0.42	0.64	0.54	0.58	NA	0.85	0.46	0.46	0.45	0.79	0.52	0.48	0.44	0.56	0.62	0.70
NM_001122964|SMEK2|chr2|-	chr2:55774445-55777142	55775610	0.30	0.26	0.30	0.45	0.30	0.28	0.30	0.23	0.39	0.34	0.52	0.29	0.29	0.54	0.21	0.28	0.31	0.38	0.23	0.38	0.24	0.25	0.23	0.25	0.21	0.25	0.35	0.19	0.21	0.24	0.36	0.22	0.21	0.35	0.38	0.38	0.34	0.27	0.22	0.34	0.45	0.29	0.23	0.25	0.41	0.27	0.29	0.37	0.29	0.23	0.26
NM_000430|PAFAH1B1|chr17|+	chr17:2585022-2588914	2585172	0.43	0.60	0.38	0.45	0.23	0.41	0.55	0.30	0.64	0.44	0.33	0.21	0.53	0.63	0.53	0.60	0.37	0.65	0.37	0.52	0.37	0.36	0.44	0.42	0.48	0.62	0.57	0.21	0.42	0.44	0.47	0.40	0.38	0.38	0.48	0.40	0.52	0.52	0.29	0.51	0.48	0.43	0.33	0.56	0.19	0.54	0.38	0.23	0.44	0.62	0.52
NM_006854|KDELR2|chr7|-	chr7:6500715-6502806	6502588	0.55	0.46	0.27	0.62	0.44	0.33	0.37	0.50	0.55	0.38	0.72	0.57	0.47	0.65	0.36	0.33	0.41	0.55	0.51	0.68	0.43	0.44	0.47	0.54	0.47	0.60	0.61	0.39	0.35	0.48	0.63	0.40	0.53	0.38	0.50	0.57	0.56	0.48	0.33	0.60	0.64	0.42	0.50	0.41	0.55	0.49	0.43	0.51	0.43	0.52	0.49
NM_001174127|SLC11A2|chr12|-	chr12:51373558-51375586	51375392	0.54	0.45	0.35	0.67	0.44	0.40	NA	0.42	0.57	0.46	0.53	0.31	0.45	0.75	0.32	0.46	0.44	0.58	0.37	0.49	0.56	0.33	0.36	0.42	0.45	0.53	0.48	0.30	0.40	0.55	0.58	0.36	0.45	0.46	0.45	0.56	0.56	0.63	NA	0.48	0.55	0.49	0.52	0.41	0.51	0.49	0.53	0.36	0.36	0.41	0.52
NM_007238|PXMP4|chr20|-	chr20:32290594-32295775	32295398	0.36	0.41	0.29	0.39	0.28	NA	0.32	0.50	0.49	0.50	0.20	0.24	0.42	0.63	0.34	0.45	0.47	0.56	0.35	0.40	0.28	NA	0.35	0.36	0.58	NA	0.46	NA	0.53	0.40	0.53	0.32	0.27	0.29	0.31	0.32	0.45	0.52	0.31	0.45	0.51	0.36	0.34	0.32	0.35	0.42	0.33	0.19	0.36	0.37	NA
NM_015387|MOB4|chr2|+	chr2:198415238-198417417	198415540	0.36	0.43	0.47	0.56	0.30	0.44	0.49	0.36	0.44	0.47	0.25	0.32	0.55	0.55	0.44	0.44	0.41	0.52	0.39	0.46	0.42	0.37	0.44	0.44	0.36	0.47	0.50	0.31	0.43	0.46	0.38	0.46	0.41	0.42	0.46	0.46	0.33	0.36	0.41	0.51	0.43	0.36	0.32	0.56	0.33	0.42	0.29	0.36	0.39	0.61	0.34
NM_012412|H2AFV|chr7|-	chr7:44866417-44874161	44873887	0.09	0.17	0.11	0.09	0.03	0.11	0.10	0.09	0.17	0.10	0.03	0.06	0.19	0.19	0.13	0.14	0.18	0.19	0.14	0.10	0.04	0.07	0.12	0.12	0.15	0.09	0.21	0.06	0.12	0.11	0.13	0.09	0.06	0.05	0.13	0.06	0.13	0.08	0.06	0.17	0.07	0.12	0.09	0.11	0.06	0.14	0.05	0.04	0.14	0.13	0.12
NR_045790|NSUN4|chr1|+	chr1:46827241-46831851	46827822	0.42	0.33	0.24	0.41	0.41	0.41	0.43	0.52	0.54	0.33	0.33	0.22	0.49	0.44	0.40	0.34	0.38	0.46	0.30	0.31	0.30	0.28	0.37	0.40	0.39	0.62	0.43	0.23	0.34	0.29	0.49	0.29	0.40	0.32	0.35	0.29	0.46	0.45	0.37	0.34	0.34	0.40	0.32	0.23	0.38	0.39	0.30	0.22	0.33	0.29	0.43
NM_002154|HSPA4|chr5|+	chr5:132439924-132442107	132440096	0.22	0.16	0.15	0.17	0.14	0.14	0.18	0.18	0.33	0.14	0.10	0.08	0.24	0.33	0.20	0.20	0.17	0.26	0.12	0.20	0.26	0.11	0.17	0.18	0.14	0.36	0.13	0.10	0.18	0.15	0.22	0.12	0.15	0.11	0.19	0.07	0.20	0.21	0.17	0.18	0.23	0.16	0.14	0.15	0.16	0.31	0.13	0.12	0.18	0.19	0.21
NM_018179|ATF7IP|chr12|+	chr12:14650587-14655883	14651093	0.38	0.51	0.38	0.46	0.42	0.44	0.43	0.39	0.66	0.30	0.20	0.29	0.38	0.46	0.46	0.53	0.34	0.53	0.31	0.53	0.18	0.29	0.34	0.39	0.38	0.56	0.62	0.30	0.40	0.44	0.48	0.35	0.52	0.28	0.40	0.40	0.45	0.53	0.26	0.47	0.52	0.40	0.31	0.70	0.11	0.42	0.27	0.25	0.38	0.46	0.41
NM_005591|MRE11A|chr11|-	chr11:94148721-94153347	94153110	0.20	0.34	0.36	0.28	0.12	0.18	NA	0.20	0.33	0.16	0.12	0.08	NA	NA	0.37	0.48	0.20	0.34	0.12	NA	0.39	NA	0.25	0.20	0.17	0.37	0.34	0.16	0.30	0.33	0.26	0.20	0.28	0.13	0.31	0.30	0.31	0.26	NA	0.36	0.31	0.21	0.23	0.29	0.12	0.22	0.20	0.18	0.30	0.27	0.28
NM_005342|HMGB3|chrX|+	chrX:150156249-150159236	150157048	0.21	0.34	0.27	0.24	0.29	0.25	0.40	0.44	0.36	0.21	0.21	0.17	0.25	0.47	0.34	0.40	0.23	0.28	0.12	0.21	0.39	0.43	0.44	0.30	0.29	0.53	0.26	0.42	0.35	0.20	0.26	0.30	0.26	0.21	0.45	0.18	0.22	0.26	0.11	0.27	0.22	0.29	0.22	0.44	0.10	0.22	0.23	0.40	0.21	0.11	0.20
NM_013325|ATG4B|chr2|+	chr2:242611605-242613253	242612000	0.37	0.31	0.40	0.28	0.38	0.26	0.24	0.33	0.57	0.32	0.19	0.24	0.41	0.46	0.32	0.41	0.21	0.43	0.17	0.47	0.31	0.26	0.27	0.31	0.24	0.39	0.24	0.20	0.31	0.30	0.43	0.16	0.33	0.17	0.32	0.24	0.35	0.64	0.33	0.24	0.37	0.38	0.20	0.14	0.35	0.39	0.28	0.14	0.27	0.24	0.52
NM_001695|ATP6V1C1|chr8|+	chr8:104080879-104085292	104081114	0.20	0.30	0.32	0.38	0.19	0.24	0.26	0.27	0.33	0.29	0.22	0.20	0.44	0.39	0.18	0.28	0.39	0.44	0.21	0.29	0.20	0.27	0.25	0.33	0.28	0.29	0.33	0.22	0.24	0.24	0.31	0.20	0.20	0.24	0.33	0.33	0.39	0.29	0.19	0.46	0.31	0.28	0.26	0.30	0.17	0.43	0.20	0.24	0.30	0.26	0.32
NR_033721|DNAJC19|chr3|-	chr3:180701531-180702498	180702348	0.32	0.34	0.38	0.33	0.24	0.38	0.42	0.23	0.37	0.35	0.25	0.20	0.50	0.44	0.37	0.57	0.38	0.55	0.26	0.29	0.48	0.42	0.39	0.39	0.37	0.38	0.31	0.24	0.34	0.30	0.51	0.45	0.36	0.32	0.43	0.34	0.40	0.33	0.31	0.44	0.32	0.42	0.21	0.50	0.38	0.41	0.23	0.23	0.41	0.40	0.19
NM_001135652|EIF2AK2|chr2|-	chr2:37333575-37334538	37334388	0.64	0.76	0.71	0.77	0.68	0.62	0.68	0.76	0.49	0.76	0.83	0.71	0.73	0.67	0.56	0.59	0.74	0.70	0.60	0.65	0.77	0.72	0.64	0.71	0.67	0.59	0.58	0.64	0.65	0.59	0.79	0.67	0.52	0.65	0.79	0.69	0.71	0.60	0.70	0.71	0.83	0.58	0.80	0.58	0.73	0.61	0.64	0.76	0.64	0.75	0.48
NM_014704|CEP104|chr1|-	chr1:3728727-3732081	3731479	0.26	0.34	0.22	0.33	0.38	0.39	NA	0.26	NA	0.27	0.31	0.24	0.35	0.57	0.30	0.52	0.26	0.43	0.24	0.40	0.28	0.18	0.30	0.30	0.69	0.42	0.45	0.25	0.23	0.50	0.38	NA	0.20	0.20	0.35	0.30	0.33	0.24	0.26	0.47	0.25	0.42	0.31	0.38	0.19	0.33	0.22	0.20	0.39	0.35	0.45
NM_022739|SMURF2|chr17|-	chr17:62538410-62542065	62541561	0.29	0.41	0.32	0.24	0.19	0.25	0.36	0.32	0.39	0.31	0.28	0.25	0.34	0.49	0.33	0.40	0.29	0.43	0.21	0.36	0.29	0.23	0.44	0.34	0.37	0.47	0.42	0.19	0.36	0.28	0.47	0.27	0.25	0.23	0.30	0.29	0.32	0.34	0.32	0.37	0.32	0.25	0.27	0.31	0.12	0.38	0.24	0.18	0.35	0.35	0.42
NM_012095|AP3M1|chr10|-	chr10:75880037-75883668	75881574	0.16	0.15	0.22	0.22	0.15	0.16	0.19	0.12	0.21	0.24	0.35	0.17	0.22	0.27	0.12	0.17	0.18	0.19	0.10	0.22	0.18	0.18	0.12	0.17	0.10	0.20	0.13	0.10	0.16	0.17	0.19	0.08	0.12	NA	0.19	0.19	0.24	0.17	0.14	0.21	0.17	0.18	0.15	0.09	0.16	0.22	0.23	0.15	0.11	0.09	0.11
NM_003826|NAPG|chr18|+	chr18:10550073-10552765	10550297	0.51	0.56	0.43	0.63	0.56	0.44	0.63	0.49	0.54	0.46	0.39	0.33	0.38	0.71	0.53	0.49	0.50	0.57	0.40	0.55	0.38	0.39	0.42	0.38	0.46	0.49	0.50	0.22	0.50	0.46	0.61	0.35	0.46	0.41	0.62	0.50	0.49	0.47	0.42	0.50	0.55	0.47	0.31	0.55	0.35	0.41	0.50	0.36	0.33	0.55	0.54
NM_172128|CAMK2D|chr4|-	chr4:114372194-114375671	114373618	0.41	0.24	0.41	0.62	0.33	0.42	0.29	0.34	0.51	0.52	0.54	NA	0.47	0.75	NA	0.38	0.31	0.45	0.32	NA	0.58	0.28	0.18	0.55	0.36	0.32	0.35	0.41	0.24	0.41	0.51	0.30	0.36	0.40	0.36	0.45	0.69	NA	0.33	0.65	0.53	0.49	0.24	0.40	NA	0.47	0.37	0.71	0.40	0.13	0.19
NM_005482|PIGK|chr1|-	chr1:77554685-77558175	77557576	0.36	0.47	0.51	0.38	0.19	NA	0.41	0.41	0.42	0.36	0.34	0.39	0.50	0.57	NA	0.57	0.32	0.55	0.29	0.48	NA	0.62	0.41	0.66	0.30	0.55	0.47	0.38	NA	0.50	0.36	0.53	0.51	0.38	0.44	0.61	0.47	0.40	NA	0.60	0.39	0.47	0.37	0.48	0.26	0.48	0.26	0.57	0.46	0.45	0.41
NM_007348|ATF6|chr1|+	chr1:161928235-161933839	161928645	0.18	0.17	0.16	0.19	0.11	0.16	0.15	0.11	0.25	0.12	0.13	0.10	0.22	0.26	0.16	0.19	0.20	0.24	0.11	0.21	0.11	0.10	0.16	0.18	0.15	0.23	0.27	0.09	0.23	0.14	0.21	0.08	0.12	0.12	0.17	0.12	0.26	0.16	0.12	0.25	0.14	0.20	0.14	0.16	0.08	0.20	0.11	0.08	0.16	0.12	0.17
NM_012463|ATP6V0A2|chr12|+	chr12:124242473-124246267	124242709	0.24	0.30	0.17	0.32	0.20	0.21	0.18	0.27	0.27	0.28	0.32	0.18	0.36	0.44	0.27	0.28	0.24	0.24	0.25	0.30	0.40	0.24	0.27	0.29	0.32	0.44	0.25	0.21	NA	0.21	0.32	0.18	0.22	0.20	0.29	0.27	0.34	0.28	NA	0.30	0.41	0.26	0.22	0.28	0.16	0.29	0.19	0.23	0.25	NA	0.25
NR_016021|TBRG1|chr11|+	chr11:124501988-124505389	124502233	0.28	0.33	0.22	0.32	0.22	0.29	0.37	0.22	0.52	0.34	0.34	0.16	0.46	0.43	0.24	0.43	0.36	0.43	0.21	0.26	0.23	0.20	0.32	0.39	0.41	0.27	0.43	0.11	0.30	0.21	0.34	0.21	0.29	0.35	0.38	0.28	0.39	0.24	0.31	0.34	0.33	0.34	0.34	0.36	0.19	0.45	0.20	0.18	0.39	0.32	0.41
NM_001134232|TMEM106B|chr7|+	chr7:12271462-12276900	12272490	0.46	0.54	0.52	0.42	0.31	0.55	0.61	0.34	0.48	0.33	0.17	0.20	0.47	0.64	0.59	0.57	0.55	0.61	0.27	0.32	0.25	0.37	0.35	0.50	0.41	0.56	0.50	0.24	0.55	0.46	0.56	0.34	0.29	0.31	0.50	0.32	0.50	0.40	0.37	0.52	0.38	0.51	0.29	0.37	0.17	0.40	0.33	0.24	0.42	0.56	0.54
NM_007292|ACOX1|chr17|-	chr17:73937611-73942876	73941860	0.53	0.41	0.58	0.56	0.50	0.65	0.33	0.51	0.57	0.57	0.58	0.40	0.55	0.62	0.37	0.37	0.59	0.66	0.34	0.55	0.58	0.51	0.49	0.47	0.41	0.53	0.45	0.40	0.48	0.39	0.66	0.32	0.40	0.41	0.40	0.51	0.68	0.39	0.34	0.63	0.65	0.47	0.46	0.37	0.62	0.51	0.47	0.51	0.62	0.35	0.37
NM_018156|VPS13D|chr1|+	chr1:12568946-12572103	12570342	0.30	0.33	0.41	0.52	0.29	0.37	0.44	0.35	0.44	0.41	0.31	0.22	0.56	0.64	0.39	0.38	0.50	0.55	0.26	0.54	0.31	0.40	NA	0.51	0.36	0.31	NA	0.36	0.28	0.41	0.48	NA	0.20	0.29	0.61	0.30	0.55	0.31	0.33	0.53	0.45	0.47	0.28	NA	0.28	0.58	0.22	0.35	0.44	0.30	0.35
NM_017902|HIF1AN|chr10|+	chr10:102307849-102313969	102309698	0.48	0.33	0.37	0.19	0.58	0.36	0.27	0.43	0.48	0.34	0.22	0.44	0.51	0.63	0.53	0.43	0.37	0.46	0.38	0.53	0.55	0.23	0.36	0.25	0.30	0.41	0.41	0.40	0.56	0.36	0.43	0.21	0.25	0.29	0.40	0.25	0.43	0.60	0.47	0.37	0.34	0.46	0.24	0.29	0.30	0.46	0.35	0.19	0.38	0.31	0.42
NM_002486|NCBP1|chr9|+	chr9:100433367-100436252	100433778	0.37	0.40	0.36	0.46	0.25	0.40	0.30	0.42	0.45	0.39	0.32	0.24	0.46	0.46	0.30	0.39	0.41	0.35	0.36	0.57	0.50	0.34	0.31	0.34	0.38	0.52	0.37	0.33	0.37	0.35	0.41	0.34	0.38	0.41	0.40	0.31	0.41	0.39	0.28	0.43	0.43	0.41	0.27	0.37	0.37	0.50	0.37	0.28	0.35	0.43	0.42
NM_003198|TCEB3|chr1|+	chr1:24086001-24088550	24086244	0.47	0.64	0.57	0.45	0.36	0.67	0.57	0.46	0.58	0.41	0.52	0.48	0.54	0.66	0.40	0.49	0.45	0.63	0.32	0.46	0.42	0.50	0.60	0.57	0.60	0.62	0.60	0.28	0.43	0.52	0.69	0.55	0.33	0.33	0.64	0.59	0.61	0.45	0.40	0.61	0.52	0.55	0.37	0.58	0.28	0.63	0.38	0.35	0.39	0.58	0.50
NM_018373|SYNJ2BP|chr14|-	chr14:70833209-70839848	70839405	0.52	0.58	NA	0.39	0.40	0.41	0.46	0.38	0.58	0.30	0.22	0.31	0.49	0.58	0.48	0.57	NA	0.50	0.36	0.42	NA	0.40	0.51	NA	0.39	0.67	0.56	0.41	0.65	0.37	0.48	0.30	0.39	0.38	NA	0.37	0.46	0.60	0.41	NA	0.56	0.48	0.33	0.40	0.27	0.39	0.31	0.19	0.42	0.45	0.57
NM_002577|PAK2|chr3|+	chr3:196555189-196559365	196557555	0.55	0.61	0.73	0.70	0.46	0.53	0.52	0.39	0.61	0.57	0.63	0.47	0.59	0.76	0.35	0.53	0.46	0.54	0.28	0.70	0.53	0.43	0.55	0.41	0.35	0.54	0.62	0.31	0.52	0.48	0.73	0.50	0.43	0.42	0.75	0.74	0.56	0.48	0.43	0.63	0.77	0.52	0.53	0.51	0.46	0.58	0.50	0.56	0.57	0.47	0.52
NM_001185127|VAMP4|chr1|-	chr1:171669292-171673674	171673081	0.42	0.36	NA	0.40	0.22	0.41	0.41	NA	0.44	NA	0.26	NA	0.33	0.55	0.33	0.42	0.41	0.45	0.25	0.41	NA	NA	0.37	0.38	0.38	0.50	0.47	0.41	NA	0.38	0.40	0.33	0.37	0.29	0.47	0.52	0.44	0.33	0.28	0.50	NA	0.39	0.36	0.52	NA	0.39	0.31	0.31	0.44	0.35	NA
NM_017813|IMPAD1|chr8|-	chr8:57870471-57876623	57875492	0.42	0.54	0.49	0.59	0.52	0.50	0.55	0.36	0.62	0.44	0.47	0.47	0.50	0.68	0.50	0.58	0.43	0.56	0.35	0.65	0.61	0.36	0.47	0.40	0.54	0.44	0.70	0.28	0.62	0.46	0.49	0.38	0.42	0.42	0.57	0.64	0.48	0.50	0.50	0.66	0.69	0.65	0.45	0.71	0.18	0.49	0.44	0.38	0.45	0.47	0.58
NM_015459|ATL3|chr11|-	chr11:63391534-63396877	63396646	0.52	0.64	0.26	0.38	0.47	0.48	0.53	0.54	0.61	0.44	0.26	0.13	0.26	0.62	0.52	0.53	0.52	0.60	0.45	0.35	0.33	0.42	0.49	0.38	0.52	0.66	0.58	0.33	0.54	0.47	0.60	0.46	0.48	0.30	0.52	0.11	0.50	0.47	0.28	0.45	0.45	0.40	0.43	0.50	0.14	0.51	0.34	0.22	0.49	0.56	0.42
NM_174907|PPP4R2|chr3|+	chr3:73114547-73118343	73116294	0.33	0.31	0.29	0.29	0.23	0.27	0.20	0.21	0.34	0.31	0.43	0.19	0.27	0.42	0.21	0.28	0.27	0.26	0.16	0.29	0.24	0.24	0.22	0.24	0.24	0.24	0.32	0.10	0.23	0.29	0.33	0.22	0.20	0.26	0.32	0.40	0.29	0.21	0.21	0.23	0.49	0.20	0.20	0.44	0.19	0.25	0.20	0.23	0.21	0.26	0.24
NM_020728|ESYT2|chr7|-	chr7:158523673-158526943	158526568	0.64	0.55	0.53	0.59	0.38	0.63	0.56	0.47	0.77	0.66	0.75	0.37	0.53	0.87	0.50	0.61	0.58	0.70	0.43	0.64	0.68	0.43	0.49	0.57	0.52	0.62	0.60	0.31	0.52	0.50	0.57	0.41	0.68	0.70	0.67	0.68	0.58	0.50	0.45	0.69	0.77	0.52	0.45	0.65	0.46	0.54	0.47	0.52	0.55	0.48	0.57
NM_001178142|TFDP2|chr3|-	chr3:141663293-141671538	141671352	0.24	0.29	0.19	0.19	0.12	0.21	0.18	0.13	0.28	0.14	0.06	0.12	0.32	0.33	0.27	0.27	NA	0.38	0.14	0.14	0.10	0.16	0.30	0.17	0.28	0.29	0.33	0.16	0.18	0.14	0.32	0.13	0.07	0.10	0.32	0.12	0.30	0.21	0.18	0.26	0.17	0.22	0.16	0.14	0.07	0.32	0.16	0.07	0.35	0.18	0.16
NM_012216|MID2|chrX|+	chrX:107169900-107174848	107170387	NA	0.47	0.50	0.59	NA	NA	0.46	0.34	0.60	0.42	0.38	NA	0.45	NA	NA	0.54	NA	0.54	0.38	0.58	NA	0.25	NA	NA	0.37	NA	0.55	NA	NA	0.41	0.68	0.24	0.38	0.33	NA	0.30	0.51	NA	0.31	0.69	0.62	NA	0.39	0.58	0.26	NA	0.33	0.25	NA	0.44	0.50
NM_005870|SAP18|chr13|+	chr13:21721324-21722832	21721577	0.20	0.17	0.18	0.22	0.18	0.22	0.16	0.21	0.24	0.19	0.18	0.13	0.25	0.39	0.20	0.20	0.24	0.28	0.16	0.17	0.23	0.25	0.23	0.20	0.19	0.33	0.20	0.17	0.16	0.14	0.26	0.17	0.24	0.18	0.21	0.15	0.29	0.20	0.17	0.27	0.25	0.17	0.14	0.19	0.26	0.21	0.14	0.12	0.20	0.20	0.16
NM_022754|SFXN1|chr5|+	chr5:174953640-174956739	174955500	0.39	0.42	NA	0.50	0.46	0.40	0.27	0.36	0.38	0.40	0.58	0.41	0.29	0.51	0.22	0.48	0.46	0.33	0.22	0.43	0.53	0.43	0.29	0.39	0.24	0.46	0.29	0.27	0.46	0.31	0.54	0.26	0.26	0.29	0.41	0.44	0.40	0.28	0.39	0.47	0.34	0.21	0.28	0.38	0.33	0.40	0.28	0.54	0.30	0.25	0.24
NM_005339|UBE2K|chr4|+	chr4:39779979-39784362	39780234	0.18	0.36	0.23	0.36	0.22	0.29	0.37	0.30	0.38	0.22	0.23	0.17	0.37	0.43	0.34	0.38	0.26	0.30	0.27	0.30	0.26	0.18	0.28	0.31	0.35	0.48	0.38	0.22	0.32	0.30	0.29	0.25	0.24	0.19	0.31	0.27	0.38	0.29	0.25	0.35	0.35	0.31	0.28	0.44	0.16	0.37	0.22	0.19	0.25	0.42	0.43
NM_001113402|AMN1|chr12|-	chr12:31823816-31825311	31825161	NA	0.42	NA	NA	0.26	NA	0.36	0.43	0.51	0.53	0.44	0.34	0.40	0.72	0.39	0.43	0.32	0.57	0.37	0.49	0.44	0.33	0.34	0.47	0.40	0.60	NA	0.26	0.46	0.46	0.76	0.36	0.49	0.53	0.38	0.56	0.49	0.56	NA	NA	0.50	0.32	0.36	0.53	NA	NA	0.34	0.35	NA	0.42	0.31
NM_020772|NUFIP2|chr17|-	chr17:27582854-27591609	27589842	0.78	0.70	0.73	0.78	0.75	0.73	0.54	0.56	0.66	0.65	0.56	0.62	0.65	0.83	0.66	0.64	0.73	0.79	0.48	0.65	0.53	0.60	0.47	0.52	0.39	0.57	0.57	0.49	0.61	0.54	0.87	0.38	0.45	0.50	0.74	0.64	0.68	0.55	0.77	0.74	0.65	0.75	0.48	0.58	0.39	0.67	0.51	0.56	0.53	0.62	0.39
NM_001142389|PNPLA4|chrX|-	chrX:7867278-7868858	7868708	0.09	0.25	0.17	0.10	0.03	0.11	0.24	0.04	0.23	0.13	0.08	0.09	NA	0.41	0.12	0.19	0.11	0.23	0.08	0.11	0.11	0.12	0.12	0.24	NA	NA	0.16	NA	NA	0.09	0.30	0.07	0.11	0.10	0.20	0.16	0.21	0.14	0.08	0.34	0.12	0.27	0.07	0.09	0.07	0.14	0.14	0.06	0.19	0.20	0.09
NM_014781|RB1CC1|chr8|-	chr8:53535031-53536419	53535523	0.31	0.42	0.15	0.36	0.47	0.17	0.44	0.33	0.43	0.47	0.54	0.25	0.49	0.73	0.29	0.35	0.28	0.40	0.21	0.42	0.15	0.15	0.48	0.28	0.31	0.63	0.44	0.27	0.30	0.40	0.46	0.24	0.49	0.31	0.30	0.42	0.42	0.38	0.31	0.55	0.61	0.26	0.40	0.51	0.44	0.31	0.39	0.31	0.30	0.42	0.37
NM_003463|PTP4A1|chr6|+	chr6:64289961-64293357	64291324	0.31	0.39	0.25	0.35	0.31	0.28	0.29	0.38	0.41	0.47	0.40	0.24	0.34	0.69	0.25	0.37	0.30	0.31	0.27	0.38	0.27	0.29	0.24	0.32	0.29	0.39	0.39	0.24	0.30	0.24	0.34	0.20	0.31	0.42	0.29	0.26	0.36	0.32	0.19	0.42	0.57	0.30	0.22	0.26	0.21	0.26	0.20	0.23	0.23	0.36	0.18
NM_145254|TMEM170A|chr16|-	chr16:75477133-75481586	75481158	NA	NA	NA	0.57	0.41	0.51	0.39	0.63	0.55	NA	0.36	0.40	NA	0.65	0.46	0.52	0.50	0.73	0.37	0.37	0.42	0.58	0.35	0.51	0.56	0.71	0.61	0.41	0.65	0.45	NA	0.43	NA	0.30	0.58	0.54	0.63	0.67	NA	0.71	0.64	0.53	0.40	0.57	0.36	0.52	NA	0.38	0.54	0.64	0.64
NM_002936|RNASEH1|chr2|-	chr2:3589003-3593461	3593241	0.41	0.34	0.26	0.32	0.20	0.39	0.26	0.44	0.46	0.26	0.12	0.15	0.35	0.42	0.31	0.35	0.34	0.45	0.29	0.33	0.26	0.25	0.22	0.37	0.27	0.39	0.32	0.21	0.34	0.22	0.46	0.17	0.30	0.21	0.38	0.15	0.51	0.34	0.20	0.35	0.32	0.34	0.14	0.30	0.21	0.42	0.20	0.07	0.27	0.35	0.28
NM_005759|ABI2|chr2|+	chr2:204291899-204296913	204292161	0.57	0.58	NA	0.59	0.39	0.58	0.50	0.58	0.56	0.49	0.30	0.42	0.53	0.80	0.54	0.64	0.56	0.58	0.32	0.48	0.39	0.38	0.40	0.47	0.42	0.79	0.51	0.32	0.57	0.43	0.57	0.35	0.30	0.48	NA	0.42	0.74	0.70	0.57	0.65	0.41	0.48	0.38	0.39	0.35	0.64	0.35	0.23	0.42	0.41	0.41
NM_003818|CDS2|chr20|+	chr20:5170747-5178518	5170962	0.18	0.19	0.12	0.10	0.15	0.15	0.12	0.15	0.25	0.12	0.08	0.13	0.24	0.22	0.22	0.21	0.19	0.19	0.13	0.13	0.17	0.15	0.14	0.12	0.15	0.23	0.18	0.13	0.19	0.09	0.17	0.08	0.12	0.09	0.20	0.10	0.22	0.20	0.21	0.12	0.16	0.16	0.10	0.17	0.08	0.21	0.13	0.07	0.15	0.13	0.14
NM_058243|BRD4|chr19|-	chr19:15346362-15349256	15347673	0.25	0.22	0.41	0.28	0.24	0.17	0.20	0.07	0.28	0.19	0.40	0.21	0.34	0.24	0.14	0.19	0.24	0.26	0.16	0.25	0.12	0.18	0.19	0.20	0.22	0.24	0.16	0.10	0.16	0.12	0.22	0.14	0.09	0.18	0.27	0.24	0.21	0.17	0.24	0.20	0.32	0.32	0.12	0.12	0.36	0.43	0.19	0.26	0.26	0.11	0.23
NM_002140|HNRNPK|chr9|-	chr9:86583040-86584355	86583866	0.49	0.55	0.58	0.53	0.39	0.40	0.57	0.49	0.63	0.56	0.61	0.47	0.46	0.62	0.39	0.54	0.44	0.50	0.45	0.54	0.39	0.39	0.45	0.50	0.45	0.39	0.46	0.35	0.46	0.58	0.42	0.43	0.43	0.56	0.52	0.43	0.43	0.44	0.40	0.56	0.63	0.51	0.48	0.49	0.38	0.47	0.49	0.41	0.45	0.50	0.50
NM_004330|BNIP2|chr15|-	chr15:59951338-59956319	59955124	0.38	0.32	0.32	0.24	0.19	0.41	0.11	0.21	0.33	0.23	0.11	0.19	0.38	0.27	0.28	0.32	0.33	0.39	0.19	0.27	0.22	0.36	0.17	0.37	0.16	0.18	0.26	0.22	0.20	0.22	0.26	0.19	0.18	0.16	0.39	0.19	0.27	0.20	0.22	0.26	0.29	0.27	0.13	0.21	0.15	0.36	0.19	0.25	0.28	0.18	0.16
NM_177438|DICER1|chr14|-	chr14:95552543-95557000	95556707	0.58	0.64	0.52	0.72	0.55	0.58	0.74	0.49	0.74	0.49	0.28	0.38	0.58	0.76	0.54	0.67	0.53	0.69	0.36	0.78	0.41	0.47	0.64	NA	0.62	0.72	0.56	0.49	0.59	0.69	0.71	0.43	0.51	0.50	NA	0.57	0.59	0.63	0.44	NA	0.65	0.54	0.53	0.66	0.27	0.67	0.43	0.42	0.47	0.48	0.67
NM_017660|GATAD2A|chr19|+	chr19:19616152-19619741	19617835	0.24	0.27	0.30	0.29	0.37	0.20	0.36	0.15	0.34	0.32	0.51	0.27	0.24	0.43	0.26	0.27	0.22	0.32	0.21	0.29	0.30	0.20	0.25	0.24	0.34	0.46	0.22	0.15	0.29	0.29	0.31	0.26	0.23	0.20	0.25	0.24	0.23	0.34	0.25	0.24	0.35	0.21	0.19	0.25	0.33	0.25	0.30	0.25	0.20	0.15	0.35
NM_004239|TRIP11|chr14|-	chr14:92432356-92436237	92435937	0.18	0.26	0.22	0.20	0.20	0.27	0.28	0.24	0.30	0.18	0.16	0.16	0.35	0.50	0.19	0.33	NA	0.31	0.22	0.30	0.14	0.19	0.35	NA	0.29	0.39	0.31	0.17	0.26	0.37	NA	0.26	0.22	0.12	NA	0.22	0.32	0.23	0.15	NA	0.25	0.28	0.19	0.29	0.13	0.31	0.23	0.16	0.28	0.22	0.30
NM_005801|EIF1|chr17|+	chr17:39847033-39847868	39847228	0.37	0.36	0.39	0.37	0.25	0.43	0.42	0.46	0.43	0.36	0.36	0.39	0.51	0.59	0.34	0.42	0.38	0.50	0.27	0.48	0.60	0.39	0.41	0.52	0.33	0.60	0.38	0.39	0.45	0.41	0.50	0.35	0.45	0.37	0.42	0.50	0.47	0.53	0.27	0.56	0.37	0.36	0.28	0.37	0.32	0.38	0.34	0.45	0.42	0.45	0.29
NM_001142416|AIMP1|chr4|+	chr4:107268682-107270338	107268878	0.27	0.31	0.13	0.29	0.24	0.11	0.28	0.25	0.39	0.23	0.20	0.15	0.31	0.39	0.25	0.30	0.25	0.19	0.17	0.19	0.20	0.17	0.20	0.25	0.17	0.43	0.19	0.19	0.22	0.24	0.35	0.15	0.27	0.22	0.25	0.21	0.33	0.35	0.18	0.29	0.21	0.37	0.17	0.31	0.20	0.31	0.26	0.15	0.16	0.29	0.26
NM_017944|USP47|chr11|+	chr11:11977547-11982444	11978261	0.24	0.23	0.13	0.11	0.09	0.19	0.23	0.12	0.28	0.15	0.20	0.09	0.19	0.29	0.09	0.19	0.26	0.21	0.20	0.31	0.11	0.12	0.24	0.22	0.17	0.16	0.17	0.09	0.14	0.19	0.19	0.13	0.15	0.17	0.19	0.13	0.13	0.11	0.05	0.26	0.17	0.12	0.10	0.13	0.10	0.30	0.13	0.13	0.14	0.11	0.16
NM_001145354|MKLN1|chr7|+	chr7:131172365-131181412	131172668	0.24	0.30	0.12	0.20	0.22	0.18	0.15	0.18	0.35	0.09	0.05	0.11	0.41	0.27	0.38	0.35	0.23	0.25	0.16	0.29	0.11	0.08	0.15	0.15	0.18	0.36	0.26	0.22	0.34	0.14	0.30	0.13	0.14	0.12	0.27	0.09	0.26	0.21	0.17	0.30	0.14	0.42	0.13	0.20	0.06	0.39	0.19	0.03	0.22	0.25	0.29
NM_020699|GATAD2B|chr1|-	chr1:153777189-153782786	153778999	0.25	0.16	NA	0.32	NA	0.39	0.21	0.27	0.35	NA	NA	0.29	0.19	NA	0.21	0.25	0.18	0.30	0.18	NA	0.40	0.31	0.23	0.29	0.18	0.54	0.12	0.15	0.21	0.25	0.56	0.22	0.24	0.24	0.47	0.54	0.32	0.43	NA	0.18	0.42	0.24	0.18	0.25	NA	0.29	0.22	0.57	0.17	0.21	0.27
NM_001160225|RNF170|chr8|-	chr8:42708448-42711571	42711156	0.60	0.51	0.70	0.67	0.43	0.60	0.35	0.64	0.62	NA	0.61	NA	0.59	0.82	NA	NA	0.60	0.61	0.39	NA	NA	0.61	0.54	0.61	0.46	0.73	0.61	0.46	0.60	0.37	0.80	0.34	0.49	0.50	0.67	0.49	0.71	0.70	0.46	0.69	NA	NA	0.30	0.56	0.59	0.69	0.45	0.46	0.50	0.49	0.49
NM_015578|LSM14A|chr19|+	chr19:34718269-34720182	34718864	0.42	0.35	0.39	0.55	0.35	0.33	0.38	0.47	0.47	0.46	0.60	0.34	0.34	0.55	0.37	0.34	0.44	0.39	0.40	0.57	0.35	0.31	0.33	0.42	0.26	0.37	0.32	0.32	0.32	0.48	0.40	0.30	0.39	0.39	0.48	0.35	0.45	0.41	0.37	0.44	0.52	0.39	0.36	0.48	0.64	0.43	0.48	0.36	0.31	0.30	0.31
NM_001165|BIRC3|chr11|+	chr11:102207639-102210026	102208435	0.20	NA	NA	0.24	0.11	NA	0.32	NA	0.32	0.36	0.18	0.16	NA	0.47	0.17	0.40	0.31	NA	0.13	NA	0.24	NA	NA	0.34	0.16	0.29	NA	NA	0.24	0.20	0.29	NA	0.20	0.25	0.24	NA	0.26	NA	NA	0.32	0.17	0.23	NA	NA	0.20	NA	NA	0.24	NA	0.21	0.17
NM_032151|PCBD2|chr5|+	chr5:134296275-134298357	134296429	NA	0.32	0.32	NA	0.28	0.56	0.28	0.42	0.41	0.43	0.40	0.30	NA	0.57	0.46	0.36	NA	0.60	0.27	NA	0.57	0.38	0.26	0.39	0.38	0.59	0.43	0.32	0.47	0.25	0.54	0.30	0.37	0.31	0.41	0.46	0.51	0.45	0.29	0.51	NA	NA	0.31	0.34	0.49	NA	0.33	0.26	0.44	0.32	NA
NM_001199917|PGM3|chr6|-	chr6:83874599-83879042	83878808	0.49	0.49	0.57	0.44	0.36	0.51	0.47	0.50	0.63	0.44	0.42	0.39	0.49	0.67	0.51	0.58	0.46	0.52	0.28	0.53	NA	0.44	0.33	0.47	0.43	0.64	0.51	0.45	0.45	0.41	0.55	0.40	0.40	0.41	0.65	0.50	0.51	0.55	0.40	0.56	0.59	0.43	0.29	0.55	0.37	0.54	0.46	0.42	0.49	0.47	0.46
NM_018638|ETNK1|chr12|+	chr12:22837815-22843613	22838109	0.46	0.58	0.45	0.49	0.46	0.39	0.49	0.35	0.50	0.38	0.42	0.35	0.54	0.66	0.62	0.54	0.44	0.60	0.31	0.48	0.39	0.44	0.61	0.55	0.41	0.72	0.68	0.38	0.56	0.53	0.65	0.36	0.59	0.43	0.64	0.61	0.53	0.71	0.37	0.54	0.54	0.57	0.50	0.52	0.25	0.44	0.37	0.36	0.47	0.36	0.71
NM_032797|AIFM2|chr10|-	chr10:71872085-71874085	71873783	0.35	0.26	0.26	0.30	0.45	0.42	0.32	0.32	0.38	0.34	0.18	0.11	NA	NA	0.37	0.27	NA	0.37	0.21	0.33	0.53	0.29	0.23	0.31	0.31	0.55	0.30	0.29	0.36	0.27	0.37	0.23	0.34	NA	0.29	0.16	0.45	0.45	0.25	0.27	0.34	0.26	0.14	0.25	0.17	0.38	0.18	0.14	0.22	0.21	0.30
NM_016396|CTDSPL2|chr15|+	chr15:44816306-44821259	44817824	0.41	0.52	NA	0.69	0.65	0.40	0.46	0.30	0.50	NA	0.93	0.61	0.49	NA	0.36	0.42	0.35	0.55	0.39	0.41	0.39	0.46	0.40	0.39	0.50	0.47	0.61	0.26	0.45	0.39	0.63	0.34	0.42	0.63	0.59	0.86	0.50	0.41	0.41	0.56	0.74	0.45	0.50	0.40	NA	0.36	0.56	0.48	0.44	0.40	0.67
NM_013319|UBIAD1|chr1|+	chr1:11345700-11348466	11346205	0.34	0.68	0.34	0.42	0.39	0.40	0.45	0.44	0.55	0.36	0.41	0.22	0.39	0.52	0.34	0.46	0.45	0.44	0.35	0.57	0.71	0.30	0.36	0.36	0.43	0.68	0.46	0.28	0.58	0.45	0.43	0.29	0.43	0.43	0.36	0.39	0.34	0.73	0.34	0.41	0.46	0.38	0.37	0.64	0.28	0.38	0.37	0.25	0.37	0.38	0.46
NM_006275|SRSF6|chr20|+	chr20:42089342-42092261	42089896	0.24	0.21	0.19	0.37	0.29	0.27	0.36	0.32	0.51	0.32	0.35	0.14	0.28	0.45	0.30	0.32	0.31	0.34	0.28	0.47	0.18	0.23	0.20	0.27	0.29	0.37	0.37	0.11	0.27	0.34	0.24	0.21	0.25	0.28	0.26	0.28	0.34	0.32	0.21	0.33	0.48	0.28	0.23	0.25	0.32	0.22	0.28	0.23	0.23	0.27	0.42
NM_006775|QKI|chr6|+	chr6:163991725-163996678	163994784	0.12	0.04	0.07	0.08	0.06	0.03	0.05	0.02	0.05	0.12	0.19	0.06	0.05	0.20	0.03	0.05	0.09	0.06	0.05	0.05	NA	0.05	0.04	0.05	0.05	0.03	0.05	0.02	0.05	0.06	0.08	0.02	0.04	0.13	0.05	0.04	0.06	NA	0.05	0.10	0.06	0.06	0.06	0.04	0.05	0.06	0.05	0.06	0.03	0.04	0.03
NM_016612|SLC25A37|chr8|+	chr8:23428847-23432988	23429583	0.42	0.47	0.43	0.48	0.71	0.52	0.40	0.39	0.83	0.60	NA	0.33	0.32	0.68	0.51	NA	0.48	0.48	NA	NA	0.44	NA	0.34	0.39	NA	0.55	NA	0.35	0.70	NA	0.59	0.42	NA	0.52	0.42	0.39	0.35	0.70	0.38	0.46	0.65	0.38	0.36	NA	0.40	0.37	0.43	0.40	0.36	0.29	0.43
NR_037951|C1QTNF3-AMACR|chr5|-	chr5:33987112-33989607	33988994	0.46	0.49	0.49	0.44	0.45	0.51	0.49	0.41	0.55	0.47	0.67	NA	0.52	0.56	0.41	0.43	0.41	0.51	0.38	0.47	0.49	0.39	0.46	0.50	0.42	0.54	0.55	0.44	NA	0.44	0.52	0.44	0.49	0.47	0.56	0.61	0.57	0.50	NA	0.62	0.58	0.45	0.33	NA	0.52	0.45	0.46	0.42	0.42	0.40	0.44
NM_152729|NT5DC1|chr6|+	chr6:116565071-116568088	116565266	0.19	0.30	0.23	0.25	0.14	0.32	0.26	0.20	0.31	0.20	0.17	0.14	0.34	0.40	0.24	0.32	0.20	0.35	0.19	0.24	0.13	0.19	0.23	0.32	0.24	0.26	0.35	0.16	0.27	0.18	0.27	0.24	0.19	0.15	0.36	0.28	0.27	0.16	0.15	0.31	0.31	0.19	0.27	0.28	0.19	0.24	0.17	0.18	0.38	0.28	0.22
NM_031490|LONP2|chr16|+	chr16:48385491-48390684	48385764	0.49	0.41	0.49	0.46	0.40	0.52	0.42	0.42	0.55	0.44	0.39	0.38	0.45	0.62	0.40	0.40	0.46	0.55	0.32	0.42	0.50	0.47	0.41	0.41	0.41	0.50	0.48	0.40	0.48	0.47	0.63	0.43	0.33	0.31	0.49	0.45	0.57	0.42	0.41	0.56	0.55	0.45	0.39	0.40	0.49	0.47	0.44	0.42	0.41	0.35	0.45
NM_006380|APPBP2|chr17|-	chr17:58520500-58525195	58522878	0.36	0.46	NA	0.46	0.27	0.46	0.33	0.36	0.35	0.33	0.29	0.25	0.40	0.58	0.35	0.49	0.38	0.46	0.21	0.41	0.32	0.37	0.38	0.35	0.29	0.54	0.40	0.32	0.39	0.27	0.41	0.26	0.23	0.26	0.43	0.34	0.40	0.39	NA	0.44	0.43	0.43	0.30	0.33	0.18	0.40	0.31	NA	0.37	0.41	0.43
NM_025181|SLC35F5|chr2|-	chr2:114464353-114472772	114472094	0.20	0.17	0.29	0.20	0.12	0.37	0.11	0.17	0.29	0.16	0.10	0.13	0.35	0.25	0.24	0.27	0.16	0.23	0.19	0.29	NA	0.24	0.16	0.23	0.18	0.27	0.28	0.20	0.15	0.14	0.24	0.12	0.18	0.13	0.27	0.16	0.26	0.27	0.17	0.28	0.27	0.22	0.11	0.19	0.10	0.29	0.21	0.19	0.24	0.17	0.22
NM_144975|SLFN5|chr17|+	chr17:33592090-33600666	33596945	0.45	0.44	0.41	0.36	0.19	0.33	0.25	0.36	0.38	0.46	0.78	NA	0.37	0.54	0.25	0.38	0.47	0.47	0.22	0.39	0.52	0.57	0.30	0.40	0.52	0.89	0.26	NA	NA	NA	0.64	0.11	0.48	0.73	0.40	0.28	0.30	0.84	NA	0.32	0.74	0.38	0.29	0.15	0.39	0.37	0.38	0.36	0.24	0.44	0.25
NM_178335|CCDC50|chr3|+	chr3:191109529-191116295	191109920	0.21	0.18	0.14	0.15	0.07	0.16	0.15	0.25	0.25	0.15	0.15	0.13	0.24	0.24	0.17	0.17	0.25	0.18	0.18	0.15	0.09	0.20	0.15	0.18	0.10	0.20	0.22	0.17	0.18	0.15	0.16	0.10	0.11	0.21	0.17	0.11	0.20	0.20	0.10	0.24	0.16	0.19	0.14	0.14	0.16	0.29	0.13	0.08	0.17	0.15	0.24
NM_016138|COQ7|chr16|+	chr16:19089402-19094477	19091283	NA	0.37	NA	NA	0.18	NA	0.22	0.24	0.36	NA	0.22	NA	NA	0.48	NA	NA	NA	0.36	0.21	0.42	NA	0.35	0.19	0.20	0.27	0.19	NA	0.15	NA	NA	0.27	0.18	0.26	NA	NA	0.22	0.25	0.21	NA	0.30	0.36	NA	0.25	0.19	NA	0.28	NA	NA	NA	0.38	0.30
NM_003118|SPARC|chr5|-	chr5:151041020-151043160	151042083	0.14	0.17	0.15	0.10	0.15	0.16	0.15	0.16	0.20	0.13	0.24	0.11	0.12	0.38	0.18	0.15	0.13	0.20	0.13	0.22	0.18	0.12	0.17	0.14	0.21	0.17	0.20	0.16	0.14	0.17	0.19	0.11	0.18	0.18	0.14	0.18	0.15	0.16	0.08	0.23	0.18	0.14	0.11	0.14	0.18	0.14	0.18	0.14	0.16	0.13	0.10
NM_014339|IL17RA|chr22|+	chr22:17589196-17596584	17593627	0.29	0.27	NA	0.34	NA	0.17	NA	0.14	0.47	0.19	NA	0.19	0.18	0.35	0.17	NA	NA	0.28	0.24	0.19	NA	0.28	NA	NA	0.78	NA	0.55	0.16	NA	NA	NA	0.33	0.32	NA	NA	0.17	0.27	NA	0.26	0.22	NA	0.23	0.11	NA	0.19	0.26	NA	NA	0.24	0.06	0.09
NM_152707|SLC25A16|chr10|-	chr10:70238407-70243345	70242380	0.19	0.14	NA	NA	0.17	0.23	0.14	0.19	0.15	NA	NA	0.14	NA	NA	NA	NA	0.25	0.32	0.17	NA	0.19	0.17	NA	NA	NA	0.16	NA	0.12	0.16	0.13	NA	0.20	NA	NA	NA	0.11	0.29	0.14	NA	NA	0.21	0.21	NA	NA	0.13	NA	NA	0.14	NA	0.19	NA
NM_013382|POMT2|chr14|-	chr14:77741313-77743824	77743488	0.51	0.39	0.34	0.30	0.59	0.54	0.29	0.46	0.74	0.42	0.26	0.24	0.55	0.64	0.48	NA	NA	0.51	0.35	0.68	NA	0.42	0.36	NA	0.51	0.35	0.35	0.27	0.42	0.45	0.41	0.34	0.26	0.24	NA	0.25	0.48	0.47	0.40	NA	0.61	0.48	0.35	0.50	0.33	0.49	0.34	0.28	0.47	0.24	0.36
NM_005516|HLA-E|chr6|+	chr6:30460525-30461972	30460748	0.66	0.51	0.59	0.58	0.69	0.56	0.59	0.63	0.69	0.71	0.89	0.57	0.55	0.86	0.54	0.59	0.55	0.65	0.58	0.70	0.65	0.61	0.46	0.54	0.54	0.74	0.61	0.51	0.69	0.51	0.68	0.42	0.63	0.54	0.64	0.54	0.71	0.66	0.45	0.56	0.56	0.65	0.42	0.49	0.64	0.58	0.54	0.46	0.49	0.58	0.68
NM_181523|PIK3R1|chr5|+	chr5:67593239-67597654	67594338	0.60	0.97	0.87	0.85	NA	NA	0.63	0.75	0.89	0.66	0.92	NA	0.72	0.99	0.81	0.90	0.50	0.91	0.35	0.60	0.72	0.69	0.79	0.63	0.84	0.62	0.85	0.60	0.81	0.57	0.82	0.47	0.90	0.96	0.79	NA	0.21	0.46	0.82	0.87	0.88	0.71	0.72	NA	0.75	0.56	0.73	NA	0.45	0.51	0.76
NR_033361|TMCC1|chr3|-	chr3:129366623-129370638	129369527	0.39	0.38	0.50	0.44	0.43	0.39	0.34	0.35	0.47	0.42	0.28	0.33	0.34	0.52	0.26	0.40	0.43	0.42	0.23	0.51	0.34	0.35	0.47	0.37	0.41	0.42	0.43	0.30	0.45	0.27	0.48	0.35	0.36	0.30	0.47	0.30	0.31	0.41	0.25	0.42	0.39	0.52	0.20	0.41	0.37	0.31	0.30	0.25	0.27	0.32	0.42
NM_004849|ATG5|chr6|-	chr6:106632387-106634551	106633978	0.20	0.25	0.20	0.24	0.25	0.27	0.21	0.22	0.31	0.27	0.37	0.23	0.21	0.38	0.20	0.23	0.17	0.29	0.17	0.20	0.13	0.16	0.20	0.19	0.19	0.22	0.22	0.12	0.19	0.17	0.30	0.18	0.22	0.26	0.24	0.30	0.31	0.22	0.22	0.26	0.23	0.23	0.16	0.28	0.19	0.21	0.22	0.21	0.16	0.26	0.26
NM_001083946|C2orf56|chr2|+	chr2:37475277-37476300	37475547	NA	0.49	NA	0.36	0.69	0.65	0.57	0.36	0.49	0.53	0.58	0.52	0.71	0.70	0.57	NA	NA	0.66	NA	0.65	0.77	0.40	0.48	0.39	0.38	0.79	0.45	0.25	0.56	0.40	NA	0.47	0.47	0.54	NA	0.49	0.63	0.59	NA	0.62	0.50	0.62	0.25	0.34	0.45	NA	0.54	0.45	NA	0.42	0.67
NM_003729|RTCA|chr1|+	chr1:100756958-100758316	100757274	0.21	0.21	0.35	0.29	0.12	0.37	0.23	0.32	0.26	0.27	0.18	0.16	0.28	0.42	0.24	0.28	0.32	0.36	0.28	0.22	0.67	0.40	0.24	0.32	0.20	0.37	0.24	0.23	0.35	0.25	0.44	0.31	0.26	0.12	0.28	0.22	0.39	0.30	0.20	0.39	0.25	0.27	0.16	0.26	0.35	0.34	0.17	0.25	0.23	0.21	0.18
NM_001040445|ASB1|chr2|+	chr2:239355024-239360904	239355339	0.41	0.49	0.34	0.17	0.25	0.24	0.16	0.36	0.45	0.18	0.04	0.25	0.44	0.49	0.45	0.39	0.35	0.48	0.12	0.28	0.22	0.13	0.30	0.17	0.25	0.36	0.29	0.27	0.40	0.17	0.47	0.12	0.18	0.12	NA	0.12	0.35	0.43	0.20	0.22	0.30	0.35	0.16	0.10	0.07	0.32	0.16	0.04	0.29	0.19	0.30
NM_001546|ID4|chr6|+	chr6:19839440-19842427	19839879	0.34	0.31	0.29	NA	NA	NA	0.29	0.25	0.38	0.37	0.50	0.24	0.29	0.45	0.22	0.50	0.25	0.34	0.36	NA	NA	0.36	0.34	0.30	0.46	0.49	0.45	0.18	NA	NA	NA	0.28	0.24	0.42	0.42	NA	0.29	0.33	NA	0.38	NA	0.26	NA	NA	0.38	0.31	NA	0.35	0.30	0.45	0.34
NM_003875|GMPS|chr3|+	chr3:155655379-155661766	155655529	0.20	0.27	0.18	0.15	0.08	0.15	0.13	0.13	0.29	0.16	0.08	0.11	0.36	NA	0.20	0.33	0.24	0.29	0.12	0.11	0.11	0.17	0.23	0.20	0.31	0.38	0.41	0.13	0.19	0.22	0.27	0.20	0.14	0.11	0.36	0.19	0.26	0.20	0.14	0.32	0.34	0.19	0.21	0.15	0.06	0.29	0.18	0.09	0.31	0.37	0.25
NM_001033503|SAR1B|chr5|-	chr5:133936839-133942756	133942239	0.25	0.18	0.25	0.16	0.09	0.21	0.12	0.14	0.28	0.16	0.07	0.10	0.32	0.29	0.20	0.25	0.29	0.25	0.12	0.26	0.12	0.19	0.11	0.18	0.17	0.14	0.29	0.20	0.23	0.09	0.23	0.09	0.12	0.13	0.22	0.12	0.23	0.16	0.15	0.27	0.22	0.20	0.13	0.08	0.08	0.26	0.19	0.08	0.25	0.23	0.14
NM_012141|INTS6|chr13|-	chr13:51936725-51939981	51939482	0.20	0.22	NA	0.30	0.15	0.29	0.37	0.21	0.28	0.24	0.16	0.23	0.41	0.38	0.31	0.35	NA	0.45	0.41	0.29	NA	0.34	0.35	NA	0.25	NA	0.26	0.16	NA	0.23	0.26	NA	0.27	0.20	0.31	0.27	0.40	0.29	0.32	NA	0.19	0.36	NA	0.37	0.16	NA	0.16	0.30	NA	0.33	0.37
NM_024731|KLHL36|chr16|+	chr16:84695183-84701290	84695829	0.77	0.62	0.69	0.36	0.73	0.42	0.55	0.61	0.99	0.62	0.18	0.40	0.60	0.55	0.87	0.77	0.64	0.79	0.61	0.81	0.37	0.38	0.66	0.50	NA	0.81	0.94	0.71	0.65	0.50	0.60	0.26	0.40	0.46	0.60	0.23	0.71	0.90	0.38	0.42	NA	0.61	0.46	0.62	0.21	0.81	0.54	0.15	0.56	0.32	NA
NR_003094|E2F6|chr2|-	chr2:11584504-11586649	11585443	0.29	0.24	NA	0.38	0.34	0.38	0.33	0.36	0.36	NA	NA	0.46	0.37	NA	0.24	0.36	NA	0.28	0.34	0.47	0.95	0.26	0.25	NA	0.24	0.32	0.30	0.36	0.19	0.34	0.30	0.29	0.24	NA	NA	0.31	0.39	0.33	0.39	0.53	0.32	0.28	0.27	0.25	0.18	0.30	0.31	0.48	0.24	0.33	0.25
NM_018246|CCDC25|chr8|-	chr8:27590836-27593762	27592645	NA	0.43	0.39	0.43	0.28	0.48	0.35	0.51	0.41	0.41	0.49	0.33	0.40	0.53	0.30	0.31	0.44	0.56	0.31	NA	0.34	0.43	0.43	0.44	0.28	0.46	0.34	0.43	0.42	0.45	0.58	0.35	0.38	0.25	0.45	0.55	0.65	0.39	0.35	0.56	0.56	0.48	0.42	0.35	0.50	0.72	0.43	0.60	0.48	0.22	0.31
NM_001031695|RBFOX2|chr22|-	chr22:36134761-36140296	36140116	0.48	0.49	0.43	0.60	0.46	0.46	0.42	0.49	0.71	0.32	0.28	0.31	0.65	0.72	0.69	0.66	0.59	0.62	0.50	0.58	0.51	0.36	0.57	NA	0.46	0.87	0.51	0.45	0.67	0.40	0.64	0.35	0.58	0.36	NA	0.34	0.60	0.65	0.42	0.66	0.36	0.63	0.21	0.68	0.32	0.63	0.44	0.25	0.50	0.34	0.68
NM_174921|C4orf34|chr4|-	chr4:39548497-39553778	39553134	0.63	0.43	0.72	0.51	0.37	0.64	0.43	0.52	0.53	0.44	0.35	0.53	0.66	0.61	0.50	0.52	0.44	0.68	0.42	0.55	0.45	0.53	0.48	0.53	0.40	0.44	0.48	0.43	0.52	0.37	0.55	0.35	0.34	0.50	0.66	0.42	0.53	0.60	0.48	0.66	0.45	0.47	0.35	0.38	0.20	0.58	0.40	0.38	0.48	0.52	0.49
NM_015060|AVL9|chr7|+	chr7:32623403-32628335	32623719	0.40	0.55	0.45	0.48	0.39	0.54	0.40	0.44	0.57	0.45	0.29	0.39	0.58	0.63	0.48	0.60	0.35	0.69	0.40	0.64	0.50	0.45	0.51	0.49	0.53	0.77	0.70	0.53	0.64	0.46	0.57	0.25	0.62	0.41	0.56	0.46	0.51	0.69	0.23	0.53	0.55	0.57	0.41	0.49	0.25	0.47	0.41	0.37	0.48	0.47	0.54
NM_006197|PCM1|chr8|+	chr8:17885145-17887421	17885295	0.18	0.13	0.12	0.22	0.07	0.18	0.20	0.15	0.18	0.11	0.15	0.07	0.21	0.36	0.11	0.21	0.21	0.17	NA	NA	0.10	0.17	0.16	0.18	0.14	0.25	0.12	0.12	0.13	0.17	0.28	NA	0.15	0.09	0.15	0.10	0.23	0.13	0.09	0.31	0.18	0.16	0.08	0.14	0.09	0.31	0.12	0.12	0.18	0.27	0.13
NM_173517|VKORC1L1|chr7|+	chr7:65419060-65424552	65419639	0.55	0.70	0.63	0.65	0.39	0.65	0.57	0.57	0.71	0.62	0.27	0.58	0.71	0.82	0.54	0.58	0.72	0.72	0.43	0.70	0.52	0.54	0.47	0.68	0.65	0.60	0.62	0.51	0.56	0.42	0.53	0.45	0.46	0.54	0.65	0.38	0.57	0.56	0.63	0.71	0.61	0.53	0.35	0.53	0.31	0.78	0.37	0.35	0.62	0.54	0.58
NM_133493|CD109|chr6|+	chr6:74533181-74538034	74533396	0.62	0.54	0.49	0.53	0.48	0.42	0.58	0.40	0.61	0.32	0.21	0.24	0.57	NA	0.51	0.66	0.43	0.62	0.23	0.58	0.24	0.24	NA	0.40	0.32	NA	0.73	0.40	NA	0.58	0.53	0.39	0.50	0.28	0.73	0.49	0.62	NA	0.55	0.56	0.43	0.56	0.47	0.53	0.16	0.56	0.52	0.25	0.55	0.50	0.69
